eta_idx, phi_idx, module_list
1,1,50002,50003,50004,50005,50006,50007,50008,50009,50010,50011,50012,50013,50014,50015,50016,50017,50018,50019,50020,50021,50022,50100,50101,50102,50103,50104,50105,50106,50107,50108,50109,50110,50111,50112,50113,50114,50115,50116,50117,50118,50119,50120,50121,50202,50203,50204,50205,50206,50207,50208,50209,50210,50211,50212,50213,50214,50215,50216,50217,50218,50219,50220,50221,50222,60000,60001,60002,60003,60004,60005,60006,60007,60008,60009,60010,60011,60100,60101,60102,60103,60104,60105,60106,60107,60108,60109,60110,60200,60201,60202,60203,60204,60205,60206,60207,60208,60209,60210,60211,60212,60300,60301,60302,60303,60304,60305,60306,60307,60308,60309,60310,60311,70000,70001,70002,70003,70100,70101,70102,70200,70201,70202,70203,70300,70301,70302,70400,70401,70402,70403,70500,70501,70502,180000,180001,180002,180003,180100,180101,180102,180103,180123,180200,180201,180202,180203,180204,180227,180300,180301,180302,180303,180304,180327,180400,180401,180402,180403,180404,180500,180501,180502,180503,180504,180505,180535,180600,180601,180602,180603,180604,180605,180700,180701,180702,180703,180704,180705,180739,180800,180801,180802,180803,180804,180805,180900,180901,180902,180903,180904,180905,180906,180907,180951,190200,190201,190202,190203,190204,190227,190300,190301,190302,190303,190304,190400,190401,190402,190403,190404,190500,190501,190502,190503,190504,190505,190535,190600,190601,190602,190603,190604,190605,190700,190701,190702,190703,190704,190705,190800,190801,190802,190803,190804,190805,190900,190901,190902,190903,190904,190905,190906,190907,190951,191000,191001,191002,191003,191004,191005,191006,191007,191100,191101,191102,191103,191105,200301,200303,200400,200401,200402,200403,200404,200500,200501,200502,200503,200504,200505,200535,200600,200601,200602,200603,200604,200605,200700,200701,200702,200703,200704,200705,200739,200800,200801,200802,200803,200804,200805,200900,200901,200902,200903,200904,200905,200906,200907,200951,201000,201001,201002,201003,201004,201005,201006,201007,201100,201101,201102,201103,201104,201105,201106,201107,201108,201200,201201,201202,201203,201204,201205,201206,201207,201208,201209,201303,210501,210503,210505,210600,210601,210602,210603,210604,210605,210700,210701,210702,210703,210704,210705,210739,210800,210801,210802,210803,210804,210805,210900,210901,210902,210903,210904,210905,210906,210907,210951,211000,211001,211002,211003,211004,211005,211006,211007,211100,211101,211102,211103,211104,211105,211106,211107,211108,211200,211201,211202,211203,211204,211205,211206,211207,211208,211209,211300,211301,211302,211303,211304,211305,211306,211307,211308,211309,211310,211375,211400,211401,211402,211403,211404,211405,211406,211407,211408,211409,211410,220800,220801,220802,220803,220804,220805,220900,220901,220902,220903,220904,220905,220906,220907,220951,221000,221001,221002,221003,221004,221005,221006,221007,221100,221101,221102,221103,221104,221105,221106,221107,221108,221200,221201,221202,221203,221204,221205,221206,221207,221208,221209,221300,221301,221302,221303,221304,221305,221306,221307,221308,221309,221310,221400,221401,221402,221403,221404,221405,221406,221407,221408,221409,221410
1,2,50202,50203,50204,50205,50206,50207,50208,50209,50210,50211,50212,50213,50214,50215,50216,50217,50218,50219,50220,50221,50222,50300,50301,50302,50303,50304,50305,50306,50307,50308,50309,50310,50311,50312,50313,50314,50315,50316,50317,50318,50319,50320,50321,50401,50402,50403,50404,50405,50406,50407,50408,50409,50410,50411,50412,50413,50414,50415,50416,50417,50418,50419,50420,50421,50422,60300,60301,60302,60303,60304,60305,60306,60307,60308,60309,60310,60400,60401,60402,60403,60404,60405,60406,60407,60408,60409,60410,60411,60412,60500,60501,60502,60503,60504,60505,60506,60507,60508,60509,60510,60600,60601,60602,60603,60604,60605,60606,60607,60608,60609,60610,60611,60612,70400,70401,70402,70403,70500,70501,70502,70600,70601,70602,70603,70700,70701,70702,70800,70801,70802,70803,70900,70901,70902,180002,180003,180004,180005,180103,180104,180105,180106,180107,180203,180204,180205,180206,180207,180208,180303,180304,180305,180306,180307,180404,180405,180406,180407,180408,180504,180505,180506,180507,180508,180509,180604,180605,180606,180607,180608,180609,180610,180705,180706,180707,180708,180709,180710,180711,180805,180806,180807,180808,180809,180810,180906,180907,180908,180909,180910,180911,180912,180913,190106,190203,190204,190205,190206,190207,190208,190303,190304,190305,190306,190307,190404,190405,190406,190407,190408,190504,190505,190506,190507,190508,190509,190604,190605,190606,190607,190608,190609,190610,190705,190706,190707,190708,190709,190710,190805,190806,190807,190808,190809,190810,190906,190907,190908,190909,190910,190911,190912,190913,191007,191008,191009,191010,191011,191012,191013,191014,191109,191111,191113,191114,191115,200305,200307,200404,200405,200406,200407,200408,200504,200505,200506,200507,200508,200509,200604,200605,200606,200607,200608,200609,200610,200705,200706,200707,200708,200709,200710,200805,200806,200807,200808,200809,200810,200906,200907,200908,200909,200910,200911,200912,200913,201007,201008,201009,201010,201011,201012,201013,201014,201108,201109,201110,201111,201112,201113,201114,201115,201116,201208,201209,201210,201211,201212,201213,201214,201215,201216,201217,201315,210505,210507,210509,210604,210605,210606,210607,210608,210609,210705,210706,210707,210708,210709,210710,210805,210806,210807,210808,210809,210810,210906,210907,210908,210909,210910,210911,210912,210913,211007,211008,211009,211010,211011,211012,211013,211014,211108,211109,211110,211111,211112,211113,211114,211115,211116,211208,211209,211210,211211,211212,211213,211214,211215,211216,211217,211309,211310,211311,211312,211313,211314,211315,211316,211317,211318,211319,211410,211411,211412,211413,211414,211415,211416,211417,211418,211419,211420,220805,220806,220807,220808,220809,220810,220906,220907,220908,220909,220910,220911,220912,220913,221006,221007,221008,221009,221010,221011,221012,221013,221014,221108,221109,221110,221111,221112,221113,221114,221115,221116,221208,221209,221210,221211,221212,221213,221214,221215,221216,221217,221309,221310,221311,221312,221313,221314,221315,221316,221317,221318,221319,221409,221410,221411,221412,221413,221414,221415,221416,221417,221418,221419,221420
1,3,50402,50403,50404,50405,50406,50407,50408,50409,50410,50411,50412,50413,50414,50415,50416,50417,50418,50419,50420,50421,50422,50500,50501,50502,50503,50504,50505,50506,50507,50508,50509,50510,50511,50512,50513,50514,50515,50516,50517,50518,50519,50520,50521,50602,50603,50604,50605,50606,50607,50608,50609,50610,50611,50612,50613,50614,50615,50616,50617,50618,50619,50620,50621,50622,60600,60601,60602,60603,60604,60605,60606,60607,60608,60609,60610,60611,60612,60700,60701,60702,60703,60704,60705,60706,60707,60708,60709,60710,60800,60801,60802,60803,60804,60805,60806,60807,60808,60809,60810,60811,60812,60900,60901,60902,60903,60904,60905,60906,60907,60908,60909,60910,70800,70801,70802,70803,70900,70901,70902,71000,71001,71002,71003,71100,71101,71102,71200,71201,71202,71203,71300,71301,71302,180005,180006,180007,180008,180105,180106,180107,180108,180109,180206,180207,180208,180209,180210,180211,180307,180308,180309,180310,180311,180408,180409,180410,180411,180412,180509,180510,180511,180512,180513,180514,180608,180609,180610,180611,180612,180613,180614,180709,180710,180711,180712,180713,180714,180715,180810,180811,180812,180813,180814,180815,180913,180914,180915,180916,180917,180918,180919,180920,190206,190207,190208,190209,190210,190211,190307,190308,190309,190310,190311,190408,190409,190410,190411,190412,190413,190509,190510,190511,190512,190513,190514,190609,190610,190611,190612,190613,190614,190709,190710,190711,190712,190713,190714,190715,190810,190811,190812,190813,190814,190815,190913,190914,190915,190916,190917,190918,190919,190920,191014,191015,191016,191017,191018,191019,191020,191021,191117,191118,191119,191121,191123,200309,200408,200409,200410,200411,200412,200509,200510,200511,200512,200513,200514,200608,200609,200610,200611,200612,200613,200614,200709,200710,200711,200712,200713,200714,200715,200810,200811,200812,200813,200814,200815,200913,200914,200915,200916,200917,200918,200919,200920,201014,201015,201016,201017,201018,201019,201020,201021,201116,201117,201118,201119,201120,201121,201122,201123,201124,201217,201218,201219,201220,201221,201222,201223,201224,201225,201226,201321,201323,210509,210511,210513,210609,210610,210611,210612,210613,210614,210710,210711,210712,210713,210714,210715,210810,210811,210812,210813,210814,210815,210913,210914,210915,210916,210917,210918,210919,210920,211014,211015,211016,211017,211018,211019,211020,211021,211116,211117,211118,211119,211120,211121,211122,211123,211124,211217,211218,211219,211220,211221,211222,211223,211224,211225,211226,211319,211320,211321,211322,211323,211324,211325,211326,211327,211328,211329,211420,211421,211422,211423,211424,211425,211426,211427,211428,211429,211430,220810,220811,220812,220813,220814,220815,220913,220914,220915,220916,220917,220918,220919,220920,221014,221015,221016,221017,221018,221019,221020,221021,221116,221117,221118,221119,221120,221121,221122,221123,221124,221217,221218,221219,221220,221221,221222,221223,221224,221225,221226,221319,221320,221321,221322,221323,221324,221325,221326,221327,221328,221329,221419,221420,221421,221422,221423,221424,221425,221426,221427,221428,221429,221430
1,4,50601,50602,50603,50604,50605,50606,50607,50608,50609,50610,50611,50612,50613,50614,50615,50616,50617,50618,50619,50620,50621,50622,50700,50701,50702,50703,50704,50705,50706,50707,50708,50709,50710,50711,50712,50713,50714,50715,50716,50717,50718,50719,50720,50721,50802,50803,50804,50805,50806,50807,50808,50809,50810,50811,50812,50813,50814,50815,50816,50817,50818,50819,50820,50821,50822,60900,60901,60902,60903,60904,60905,60906,60907,60908,60909,60910,61000,61001,61002,61003,61004,61005,61006,61007,61008,61009,61010,61011,61012,61100,61101,61102,61103,61104,61105,61106,61107,61108,61109,61110,61111,61200,61201,61202,61203,61204,61205,61206,61207,61208,61209,61210,61211,61212,71200,71201,71202,71203,71300,71301,71302,71400,71401,71402,71403,71500,71501,71502,71600,71601,71602,71603,71700,71701,71702,180007,180008,180009,180010,180109,180110,180111,180112,180113,180210,180211,180212,180213,180214,180215,180310,180311,180312,180313,180314,180412,180413,180414,180415,180416,180513,180514,180515,180516,180517,180518,180519,180613,180614,180615,180616,180617,180618,180715,180716,180717,180718,180719,180720,180721,180815,180816,180817,180818,180819,180820,180919,180920,180921,180922,180923,180924,180925,180926,180927,190210,190211,190212,190213,190214,190310,190311,190312,190313,190314,190412,190413,190414,190415,190416,190513,190514,190515,190516,190517,190518,190519,190613,190614,190615,190616,190617,190618,190715,190716,190717,190718,190719,190720,190815,190816,190817,190818,190819,190820,190919,190920,190921,190922,190923,190924,190925,190926,190927,191021,191022,191023,191024,191025,191026,191027,191028,191125,191127,191129,191131,200311,200313,200412,200413,200414,200415,200416,200513,200514,200515,200516,200517,200518,200519,200613,200614,200615,200616,200617,200618,200715,200716,200717,200718,200719,200720,200721,200815,200816,200817,200818,200819,200820,200919,200920,200921,200922,200923,200924,200925,200926,200927,201021,201022,201023,201024,201025,201026,201027,201028,201124,201125,201126,201127,201128,201129,201130,201131,201132,201225,201226,201227,201228,201229,201230,201231,201232,201233,201234,210515,210517,210613,210614,210615,210616,210617,210618,210715,210716,210717,210718,210719,210720,210721,210815,210816,210817,210818,210819,210820,210919,210920,210921,210922,210923,210924,210925,210926,210927,211021,211022,211023,211024,211025,211026,211027,211028,211124,211125,211126,211127,211128,211129,211130,211131,211132,211225,211226,211227,211228,211229,211230,211231,211232,211233,211234,211328,211329,211330,211331,211332,211333,211334,211335,211336,211337,211338,211430,211431,211432,211433,211434,211435,211436,211437,211438,211439,211440,220815,220816,220817,220818,220819,220820,220919,220920,220921,220922,220923,220924,220925,220926,220927,221021,221022,221023,221024,221025,221026,221027,221028,221124,221125,221126,221127,221128,221129,221130,221131,221132,221225,221226,221227,221228,221229,221230,221231,221232,221233,221234,221328,221329,221330,221331,221332,221333,221334,221335,221336,221337,221338,221430,221431,221432,221433,221434,221435,221436,221437,221438,221439,221440
1,5,50802,50803,50804,50805,50806,50807,50808,50809,50810,50811,50812,50813,50814,50815,50816,50817,50818,50819,50820,50821,50822,50900,50901,50902,50903,50904,50905,50906,50907,50908,50909,50910,50911,50912,50913,50914,50915,50916,50917,50918,50919,50920,50921,51001,51002,51003,51004,51005,51006,51007,51008,51009,51010,51011,51012,51013,51014,51015,51016,51017,51018,51019,51020,51021,51022,61200,61201,61202,61203,61204,61205,61206,61207,61208,61209,61210,61211,61300,61301,61302,61303,61304,61305,61306,61307,61308,61309,61310,61311,61400,61401,61402,61403,61404,61405,61406,61407,61408,61409,61410,61411,61412,61500,61501,61502,61503,61504,61505,61506,61507,61508,61509,61510,61511,71700,71701,71702,71800,71801,71802,71803,71900,71901,71902,72000,72001,72002,72003,72100,72101,72102,72200,72201,72202,72203,180010,180011,180012,180013,180111,180112,180113,180114,180115,180214,180215,180216,180217,180218,180313,180314,180315,180316,180317,180318,180416,180417,180418,180419,180420,180517,180518,180519,180520,180521,180522,180523,180618,180619,180620,180621,180622,180623,180720,180721,180722,180723,180724,180725,180820,180821,180822,180823,180824,180825,180826,180925,180926,180927,180928,180929,180930,180931,180932,180933,190213,190214,190215,190216,190217,190218,190314,190315,190316,190317,190318,190416,190417,190418,190419,190420,190517,190518,190519,190520,190521,190522,190523,190618,190619,190620,190621,190622,190623,190720,190721,190722,190723,190724,190725,190820,190821,190822,190823,190824,190825,190925,190926,190927,190928,190929,190930,190931,190932,190933,191028,191029,191030,191031,191032,191033,191034,191035,191133,191135,191137,191139,200315,200317,200416,200417,200418,200419,200420,200517,200518,200519,200520,200521,200522,200523,200618,200619,200620,200621,200622,200623,200719,200720,200721,200722,200723,200724,200725,200820,200821,200822,200823,200824,200825,200925,200926,200927,200928,200929,200930,200931,200932,200933,201028,201029,201030,201031,201032,201033,201034,201035,201132,201133,201134,201135,201136,201137,201138,201139,201140,201234,201235,201236,201237,201238,201239,201240,201241,201242,201243,210519,210521,210618,210619,210620,210621,210622,210623,210719,210720,210721,210722,210723,210724,210725,210820,210821,210822,210823,210824,210825,210925,210926,210927,210928,210929,210930,210931,210932,210933,211028,211029,211030,211031,211032,211033,211034,211035,211036,211132,211133,211134,211135,211136,211137,211138,211139,211140,211234,211235,211236,211237,211238,211239,211240,211241,211242,211243,211338,211339,211340,211341,211342,211343,211344,211345,211346,211347,211348,211440,211441,211442,211443,211444,211445,211446,211447,211448,211449,211450,220820,220821,220822,220823,220824,220825,220925,220926,220927,220928,220929,220930,220931,220932,220933,221028,221029,221030,221031,221032,221033,221034,221035,221132,221133,221134,221135,221136,221137,221138,221139,221140,221234,221235,221236,221237,221238,221239,221240,221241,221242,221243,221338,221339,221340,221341,221342,221343,221344,221345,221346,221347,221348,221440,221441,221442,221443,221444,221445,221446,221447,221448,221449,221450
1,6,51002,51003,51004,51005,51006,51007,51008,51009,51010,51011,51012,51013,51014,51015,51016,51017,51018,51019,51020,51021,51022,51100,51101,51102,51103,51104,51105,51106,51107,51108,51109,51110,51111,51112,51113,51114,51115,51116,51117,51118,51119,51120,51121,51202,51203,51204,51205,51206,51207,51208,51209,51210,51211,51212,51213,51214,51215,51216,51217,51218,51219,51220,51221,51222,61500,61501,61502,61503,61504,61505,61506,61507,61508,61509,61510,61511,61600,61601,61602,61603,61604,61605,61606,61607,61608,61609,61610,61611,61612,61700,61701,61702,61703,61704,61705,61706,61707,61708,61709,61710,61800,61801,61802,61803,61804,61805,61806,61807,61808,61809,61810,61811,61812,72100,72101,72102,72200,72201,72202,72203,72300,72301,72302,72400,72401,72402,72403,72500,72501,72502,72600,72601,72602,72603,180012,180013,180014,180015,180115,180116,180117,180118,180119,180217,180218,180219,180220,180221,180222,180317,180318,180319,180320,180321,180420,180421,180422,180423,180424,180522,180523,180524,180525,180526,180527,180622,180623,180624,180625,180626,180627,180628,180725,180726,180727,180728,180729,180730,180731,180825,180826,180827,180828,180829,180830,180932,180933,180934,180935,180936,180937,180938,180939,190217,190218,190219,190220,190221,190222,190317,190318,190319,190320,190321,190420,190421,190422,190423,190424,190522,190523,190524,190525,190526,190527,190622,190623,190624,190625,190626,190627,190725,190726,190727,190728,190729,190730,190731,190825,190826,190827,190828,190829,190830,190932,190933,190934,190935,190936,190937,190938,190939,191035,191036,191037,191038,191039,191040,191041,191042,191141,191143,191145,191147,200319,200420,200421,200422,200423,200424,200522,200523,200524,200525,200526,200527,200622,200623,200624,200625,200626,200627,200628,200725,200726,200727,200728,200729,200730,200825,200826,200827,200828,200829,200830,200932,200933,200934,200935,200936,200937,200938,200939,201035,201036,201037,201038,201039,201040,201041,201042,201140,201141,201142,201143,201144,201145,201146,201147,201148,201242,201243,201244,201245,201246,201247,201248,201249,201250,201251,210523,210527,210622,210623,210624,210625,210626,210627,210725,210726,210727,210728,210729,210730,210731,210825,210826,210827,210828,210829,210830,210932,210933,210934,210935,210936,210937,210938,210939,211035,211036,211037,211038,211039,211040,211041,211042,211140,211141,211142,211143,211144,211145,211146,211147,211148,211242,211243,211244,211245,211246,211247,211248,211249,211250,211251,211347,211348,211349,211350,211351,211352,211353,211354,211355,211356,211357,211450,211451,211452,211453,211454,211455,211456,211457,211458,211459,211460,220825,220826,220827,220828,220829,220830,220932,220933,220934,220935,220936,220937,220938,220939,221035,221036,221037,221038,221039,221040,221041,221042,221140,221141,221142,221143,221144,221145,221146,221147,221148,221242,221243,221244,221245,221246,221247,221248,221249,221250,221251,221347,221348,221349,221350,221351,221352,221353,221354,221355,221356,221357,221450,221451,221452,221453,221454,221455,221456,221457,221458,221459,221460
1,7,51201,51202,51203,51204,51205,51206,51207,51208,51209,51210,51211,51212,51213,51214,51215,51216,51217,51218,51219,51220,51221,51222,51300,51301,51302,51303,51304,51305,51306,51307,51308,51309,51310,51311,51312,51313,51314,51315,51316,51317,51318,51319,51320,51321,51401,51402,51403,51404,51405,51406,51407,51408,51409,51410,51411,51412,51413,51414,51415,51416,51417,51418,51419,51420,51421,51422,61800,61801,61802,61803,61804,61805,61806,61807,61808,61809,61810,61811,61812,61900,61901,61902,61903,61904,61905,61906,61907,61908,61909,61910,62000,62001,62002,62003,62004,62005,62006,62007,62008,62009,62010,62011,62012,62100,62101,62102,62103,62104,62105,62106,62107,62108,62109,62110,72500,72501,72502,72600,72601,72602,72603,72700,72701,72702,72800,72801,72802,72803,72900,72901,72902,73000,73001,73002,73003,180015,180016,180017,180018,180117,180118,180119,180120,180121,180220,180221,180222,180223,180224,180225,180321,180322,180323,180324,180325,180424,180425,180426,180427,180428,180527,180528,180529,180530,180531,180532,180626,180627,180628,180629,180630,180631,180632,180729,180730,180731,180732,180733,180734,180735,180830,180831,180832,180833,180834,180835,180939,180940,180941,180942,180943,180944,180945,180946,190220,190221,190222,190223,190224,190225,190321,190322,190323,190324,190325,190424,190425,190426,190427,190428,190527,190528,190529,190530,190531,190532,190626,190627,190628,190629,190630,190631,190632,190730,190731,190732,190733,190734,190735,190830,190831,190832,190833,190834,190835,190836,190939,190940,190941,190942,190943,190944,190945,190946,191042,191043,191044,191045,191046,191047,191048,191049,191149,191151,191153,191155,200322,200323,200424,200425,200426,200427,200428,200527,200528,200529,200530,200531,200532,200626,200627,200628,200629,200630,200631,200632,200729,200730,200731,200732,200733,200734,200735,200830,200831,200832,200833,200834,200835,200939,200940,200941,200942,200943,200944,200945,200946,201042,201043,201044,201045,201046,201047,201048,201049,201050,201148,201149,201150,201151,201152,201153,201154,201155,201156,201251,201252,201253,201254,201255,201256,201257,201258,201259,201260,201359,201365,210527,210528,210529,210531,210627,210628,210629,210630,210631,210632,210729,210730,210731,210732,210733,210734,210735,210830,210831,210832,210833,210834,210835,210939,210940,210941,210942,210943,210944,210945,210946,211042,211043,211044,211045,211046,211047,211048,211049,211148,211149,211150,211151,211152,211153,211154,211155,211156,211251,211252,211253,211254,211255,211256,211257,211258,211259,211260,211357,211358,211359,211360,211361,211362,211363,211364,211365,211366,211367,211459,211460,211461,211462,211463,211464,211465,211466,211467,211468,211469,211470,220731,220830,220831,220832,220833,220834,220835,220939,220940,220941,220942,220943,220944,220945,220946,221042,221043,221044,221045,221046,221047,221048,221049,221148,221149,221150,221151,221152,221153,221154,221155,221156,221251,221252,221253,221254,221255,221256,221257,221258,221259,221260,221357,221358,221359,221360,221361,221362,221363,221364,221365,221366,221367,221460,221461,221462,221463,221464,221465,221466,221467,221468,221469,221470
1,8,50002,50003,50004,50005,50006,50007,50008,50009,50010,50011,50012,50013,50014,50015,50016,50017,50018,50019,50020,50021,50022,51402,51403,51404,51405,51406,51407,51408,51409,51410,51411,51412,51413,51414,51415,51416,51417,51418,51419,51420,51421,51422,51500,51501,51502,51503,51504,51505,51506,51507,51508,51509,51510,51511,51512,51513,51514,51515,51516,51517,51518,51519,51520,51521,60000,60001,60002,60003,60004,60005,60006,60007,60008,60009,60010,60011,60012,62100,62101,62102,62103,62104,62105,62106,62107,62108,62109,62110,62111,62200,62201,62202,62203,62204,62205,62206,62207,62208,62209,62210,62211,62212,62300,62301,62302,62303,62304,62305,62306,62307,62308,62309,62310,70000,70001,70002,70003,72900,72901,72902,73000,73001,73002,73003,73100,73101,73102,73200,73201,73202,73203,73300,73301,73302,180000,180017,180018,180019,180100,180101,180121,180122,180123,180200,180201,180224,180225,180226,180227,180300,180324,180325,180326,180327,180400,180428,180429,180430,180431,180500,180501,180531,180532,180533,180534,180535,180600,180631,180632,180633,180634,180635,180700,180735,180736,180737,180738,180739,180800,180835,180836,180837,180838,180839,180900,180901,180945,180946,180947,180948,180949,180950,180951,190200,190201,190224,190225,190226,190227,190300,190301,190324,190325,190326,190327,190400,190428,190429,190430,190431,190500,190501,190531,190532,190533,190534,190535,190600,190631,190632,190633,190634,190635,190700,190701,190735,190736,190737,190738,190739,190800,190835,190836,190837,190838,190839,190900,190901,190945,190946,190947,190948,190949,190950,190951,191000,191049,191050,191051,191052,191053,191054,191055,191100,191157,191159,191161,191163,200325,200327,200400,200428,200429,200430,200431,200500,200501,200531,200532,200533,200534,200535,200600,200631,200632,200633,200634,200635,200700,200701,200735,200736,200737,200738,200739,200800,200835,200836,200837,200838,200839,200900,200901,200945,200946,200947,200948,200949,200950,200951,201000,201049,201050,201051,201052,201053,201054,201055,201100,201156,201157,201158,201159,201160,201161,201162,201163,201200,201259,201260,201261,201262,201263,201264,201265,201266,201267,201373,210533,210535,210600,210631,210632,210633,210634,210635,210700,210701,210735,210736,210737,210738,210739,210800,210834,210835,210836,210837,210838,210839,210900,210901,210945,210946,210947,210948,210949,210950,210951,211000,211049,211050,211051,211052,211053,211054,211055,211100,211156,211157,211158,211159,211160,211161,211162,211163,211200,211259,211260,211261,211262,211263,211264,211265,211266,211267,211300,211366,211367,211368,211369,211370,211371,211372,211373,211374,211375,211400,211470,211471,211472,211473,211474,211475,211476,211477,211478,211479,220800,220835,220836,220837,220838,220839,220900,220901,220945,220946,220947,220948,220949,220950,220951,221000,221048,221049,221050,221051,221052,221053,221054,221055,221100,221156,221157,221158,221159,221160,221161,221162,221163,221200,221259,221260,221261,221262,221263,221264,221265,221266,221267,221300,221366,221367,221368,221369,221370,221371,221372,221373,221374,221375,221400,221470,221471,221472,221473,221474,221475,221476,221477,221478,221479
2,1,50018,50019,50020,50021,50022,50023,50024,50025,50026,50027,50028,50117,50118,50119,50120,50121,50122,50123,50124,50125,50126,50127,50128,50129,50218,50219,50220,50221,50222,50223,50224,50225,50226,50227,50228,60009,60010,60011,60012,60013,60014,60015,60016,60017,60018,60019,60020,60021,60022,60108,60109,60110,60111,60112,60113,60114,60115,60116,60117,60118,60119,60120,60121,60122,60209,60210,60211,60212,60213,60214,60215,60216,60217,60218,60219,60220,60221,60222,60308,60309,60310,60311,60312,60313,60314,60315,60316,60317,60318,60319,60320,60321,70002,70003,70004,70005,70006,70007,70008,70009,70010,70011,70012,70013,70014,70015,70016,70017,70018,70101,70102,70103,70104,70105,70106,70107,70108,70109,70110,70111,70112,70113,70114,70115,70116,70117,70118,70202,70203,70204,70205,70206,70207,70208,70209,70210,70211,70212,70213,70214,70215,70216,70217,70218,70301,70302,70303,70304,70305,70306,70307,70308,70309,70310,70311,70312,70313,70314,70315,70316,70317,70318,70402,70403,70404,70405,70406,70407,70408,70409,70410,70411,70412,70413,70414,70415,70416,70417,70418,70502,70503,70504,70505,70506,70507,70508,70509,70510,70511,70512,70513,70514,70515,70516,70517,80000,80001,80002,80003,80004,80005,80006,80100,80101,80102,80103,80104,80105,80106,80200,80201,80202,80203,80204,80205,80206,80300,80301,80302,80303,80304,80305,80306,80400,80401,80402,80403,80404,80405,80406,80500,80501,80502,80503,80504,80505,80506,80600,80601,80602,80603,80604,80605,80606,90000,90001,90002,90003,90004,90005,90100,90101,90102,90103,90104,90105,90200,90201,90202,90203,90204,90205,90300,90301,90302,90303,90304,90305,90400,90401,90402,90403,90404,90405,90500,90501,90502,90503,90504,90505,90600,90601,90602,90603,90604,90605,90700,90701,90702,90703,90704,90705,90800,90801,90802,90803,90804,90805,100000,100001,100002,100003,100004,100100,100101,100102,100103,100104,100200,100201,100202,100203,100204,100300,100301,100302,100303,100304,100400,100401,100402,100403,100404,100500,100501,100502,100503,100504,100600,100601,100602,100603,100604,100700,100701,100702,100703,100704,100800,100801,100802,100803,100804,100900,100901,100902,100903,100904,101000,101001,101002,101003,180900,180901,180902,180903,180904,180905,180906,180907,181000,181001,181002,181003,181004,181005,181006,181007,181100,181101,181102,181103,181104,181105,181106,181107,181108,181200,181201,181202,181203,181204,181205,181206,181207,181208,181209,181300,181301,181302,181303,181304,181305,181306,181307,181308,181309,181310,181400,181401,181402,181403,181404,181405,181406,181407,181408,181409,181410,181479,191000,191001,191002,191003,191004,191005,191006,191007,191100,191101,191102,191103,191104,191105,191106,191107,191108,191200,191201,191202,191203,191204,191205,191206,191207,191208,191209,191300,191301,191302,191303,191304,191305,191306,191307,191308,191309,191310,191400,191401,191402,191403,191404,191405,191406,191407,191408,191409,191410,191411,201200,201201,201202,201203,201204,201205,201206,201207,201208,201209,201300,201301,201302,201303,201304,201305,201306,201307,201308,201309,201310,201400,201401,201402,201403,201404,201405,201406,201407,201408,201409,201410,211301,211303,211305,211307,211309,211400,211401,211402,211403,211404,211405,211406,211407,211408,211409,211410
2,2,50218,50219,50220,50221,50222,50223,50224,50225,50226,50227,50228,50317,50318,50319,50320,50321,50322,50323,50324,50325,50326,50327,50328,50418,50419,50420,50421,50422,50423,50424,50425,50426,50427,50428,60308,60309,60310,60311,60312,60313,60314,60315,60316,60317,60318,60319,60320,60321,60409,60410,60411,60412,60413,60414,60415,60416,60417,60418,60419,60420,60421,60422,60508,60509,60510,60511,60512,60513,60514,60515,60516,60517,60518,60519,60520,60521,60609,60610,60611,60612,60613,60614,60615,60616,60617,60618,60619,60620,60621,60622,70402,70403,70404,70405,70406,70407,70408,70409,70410,70411,70412,70413,70414,70415,70416,70417,70418,70501,70502,70503,70504,70505,70506,70507,70508,70509,70510,70511,70512,70513,70514,70515,70516,70517,70518,70602,70603,70604,70605,70606,70607,70608,70609,70610,70611,70612,70613,70614,70615,70616,70617,70618,70701,70702,70703,70704,70705,70706,70707,70708,70709,70710,70711,70712,70713,70714,70715,70716,70717,70718,70802,70803,70804,70805,70806,70807,70808,70809,70810,70811,70812,70813,70814,70815,70816,70817,70818,70901,70902,70903,70904,70905,70906,70907,70908,70909,70910,70911,70912,70913,70914,70915,70916,70917,80600,80601,80602,80603,80604,80605,80606,80700,80701,80702,80703,80704,80705,80706,80800,80801,80802,80803,80804,80805,80806,80900,80901,80902,80903,80904,80905,80906,81000,81001,81002,81003,81004,81005,81006,81100,81101,81102,81103,81104,81105,81106,81200,81201,81202,81203,81204,81205,81206,90800,90801,90802,90803,90804,90805,90900,90901,90902,90903,90904,90905,91000,91001,91002,91003,91004,91005,91100,91101,91102,91103,91104,91105,91200,91201,91202,91203,91204,91205,91300,91301,91302,91303,91304,91305,91400,91401,91402,91403,91404,91405,91500,91501,91502,91503,91504,91505,91600,91601,91602,91603,91604,91605,100900,100901,100902,100903,101000,101001,101002,101003,101004,101100,101101,101102,101103,101200,101201,101202,101203,101204,101300,101301,101302,101303,101304,101400,101401,101402,101403,101404,101500,101501,101502,101503,101504,101600,101601,101602,101603,101604,101700,101701,101702,101703,101704,101800,101801,101802,101803,101804,101900,101901,101902,101903,180906,180907,180908,180909,180910,180911,180912,180913,181007,181008,181009,181010,181011,181012,181013,181014,181108,181109,181110,181111,181112,181113,181114,181115,181116,181208,181209,181210,181211,181212,181213,181214,181215,181216,181217,181309,181310,181311,181312,181313,181314,181315,181316,181317,181318,181319,181410,181411,181412,181413,181414,181415,181416,181417,181418,181419,181420,191007,191008,191009,191010,191011,191012,191013,191014,191108,191109,191110,191111,191112,191113,191114,191115,191116,191208,191209,191210,191211,191212,191213,191214,191215,191216,191217,191309,191310,191311,191312,191313,191314,191315,191316,191317,191318,191319,191410,191411,191412,191413,191414,191415,191416,191417,191418,191419,191420,201208,201209,201210,201211,201212,201213,201214,201215,201216,201217,201309,201310,201311,201312,201313,201314,201315,201316,201317,201318,201319,201410,201411,201412,201413,201414,201415,201416,201417,201418,201419,201420,211311,211313,211315,211410,211411,211412,211413,211414,211415,211416,211417,211418,211419,211420
2,3,50418,50419,50420,50421,50422,50423,50424,50425,50426,50427,50428,50517,50518,50519,50520,50521,50522,50523,50524,50525,50526,50527,50528,50529,50618,50619,50620,50621,50622,50623,50624,50625,50626,50627,50628,60609,60610,60611,60612,60613,60614,60615,60616,60617,60618,60619,60620,60621,60622,60708,60709,60710,60711,60712,60713,60714,60715,60716,60717,60718,60719,60720,60721,60722,60809,60810,60811,60812,60813,60814,60815,60816,60817,60818,60819,60820,60821,60822,60908,60909,60910,60911,60912,60913,60914,60915,60916,60917,60918,60919,60920,60921,70802,70803,70804,70805,70806,70807,70808,70809,70810,70811,70812,70813,70814,70815,70816,70817,70818,70901,70902,70903,70904,70905,70906,70907,70908,70909,70910,70911,70912,70913,70914,70915,70916,70917,70918,71002,71003,71004,71005,71006,71007,71008,71009,71010,71011,71012,71013,71014,71015,71016,71017,71018,71101,71102,71103,71104,71105,71106,71107,71108,71109,71110,71111,71112,71113,71114,71115,71116,71117,71118,71202,71203,71204,71205,71206,71207,71208,71209,71210,71211,71212,71213,71214,71215,71216,71217,71218,71301,71302,71303,71304,71305,71306,71307,71308,71309,71310,71311,71312,71313,71314,71315,71316,71317,81200,81201,81202,81203,81204,81205,81206,81300,81301,81302,81303,81304,81305,81306,81400,81401,81402,81403,81404,81405,81406,81500,81501,81502,81503,81504,81505,81506,81600,81601,81602,81603,81604,81605,81606,81700,81701,81702,81703,81704,81705,81706,81800,81801,81802,81803,81804,81805,81806,91500,91501,91502,91503,91600,91601,91602,91603,91604,91605,91700,91701,91702,91703,91704,91705,91800,91801,91802,91803,91804,91805,91900,91901,91902,91903,91904,91905,92000,92001,92002,92003,92004,92005,92100,92101,92102,92103,92104,92105,92200,92201,92202,92203,92204,92205,92300,92301,92302,92303,92304,92305,101900,101901,101902,101903,101904,102000,102001,102002,102003,102004,102100,102101,102102,102103,102104,102200,102201,102202,102203,102204,102300,102301,102302,102303,102304,102400,102401,102402,102403,102404,102500,102501,102502,102503,102504,102600,102601,102602,102603,102604,102700,102701,102702,102703,102704,102800,102801,102802,102803,102804,102900,102901,102902,102903,180913,180914,180915,180916,180917,180918,180919,180920,181014,181015,181016,181017,181018,181019,181020,181021,181116,181117,181118,181119,181120,181121,181122,181123,181124,181217,181218,181219,181220,181221,181222,181223,181224,181225,181226,181319,181320,181321,181322,181323,181324,181325,181326,181327,181328,181329,181420,181421,181422,181423,181424,181425,181426,181427,181428,181429,181430,181431,191014,191015,191016,191017,191018,191019,191020,191021,191116,191117,191118,191119,191120,191121,191122,191123,191124,191217,191218,191219,191220,191221,191222,191223,191224,191225,191226,191319,191320,191321,191322,191323,191324,191325,191326,191327,191328,191329,191420,191421,191422,191423,191424,191425,191426,191427,191428,191429,191430,191431,201217,201218,201219,201220,201221,201222,201223,201224,201225,201226,201319,201320,201321,201322,201323,201324,201325,201326,201327,201328,201329,201420,201421,201422,201423,201424,201425,201426,201427,201428,201429,201430,211323,211325,211327,211419,211420,211421,211422,211423,211424,211425,211426,211427,211428,211429,211430
2,4,50617,50618,50619,50620,50621,50622,50623,50624,50625,50626,50627,50628,50717,50718,50719,50720,50721,50722,50723,50724,50725,50726,50727,50728,50729,50818,50819,50820,50821,50822,50823,50824,50825,50826,50827,50828,60908,60909,60910,60911,60912,60913,60914,60915,60916,60917,60918,60919,60920,60921,61009,61010,61011,61012,61013,61014,61015,61016,61017,61018,61019,61020,61021,61022,61108,61109,61110,61111,61112,61113,61114,61115,61116,61117,61118,61119,61120,61121,61122,61209,61210,61211,61212,61213,61214,61215,61216,61217,61218,61219,61220,61221,61222,71202,71203,71204,71205,71206,71207,71208,71209,71210,71211,71212,71213,71214,71215,71216,71217,71218,71301,71302,71303,71304,71305,71306,71307,71308,71309,71310,71311,71312,71313,71314,71315,71316,71317,71318,71402,71403,71404,71405,71406,71407,71408,71409,71410,71411,71412,71413,71414,71415,71416,71417,71418,71501,71502,71503,71504,71505,71506,71507,71508,71509,71510,71511,71512,71513,71514,71515,71516,71517,71518,71602,71603,71604,71605,71606,71607,71608,71609,71610,71611,71612,71613,71614,71615,71616,71617,71618,71702,71703,71704,71705,71706,71707,71708,71709,71710,71711,71712,71713,71714,71715,71716,71717,71718,81800,81801,81802,81803,81804,81805,81806,81900,81901,81902,81903,81904,81905,81906,82000,82001,82002,82003,82004,82005,82006,82100,82101,82102,82103,82104,82105,82106,82200,82201,82202,82203,82204,82205,82206,82300,82301,82302,82303,82304,82305,82306,82400,82401,82402,82403,82404,82405,82406,92300,92301,92302,92303,92304,92305,92400,92401,92402,92403,92404,92405,92500,92501,92502,92503,92504,92505,92600,92601,92602,92603,92604,92605,92700,92701,92702,92703,92704,92705,92800,92801,92802,92803,92804,92805,92900,92901,92902,92903,92904,92905,93000,93001,93002,93003,93004,93005,93100,93101,93102,93103,93104,93105,102800,102801,102802,102803,102900,102901,102902,102903,103000,103001,103002,103003,103004,103100,103101,103102,103103,103104,103200,103201,103202,103203,103204,103300,103301,103302,103303,103400,103401,103402,103403,103404,103500,103501,103502,103503,103504,103600,103601,103602,103603,103604,103700,103701,103702,103703,103800,103801,103802,103803,103804,180919,180920,180921,180922,180923,180924,180925,180926,181021,181022,181023,181024,181025,181026,181027,181028,181124,181125,181126,181127,181128,181129,181130,181131,181132,181225,181226,181227,181228,181229,181230,181231,181232,181233,181234,181328,181329,181330,181331,181332,181333,181334,181335,181336,181337,181338,181430,181431,181432,181433,181434,181435,181436,181437,181438,181439,181440,191021,191022,191023,191024,191025,191026,191027,191028,191124,191125,191126,191127,191128,191129,191130,191131,191132,191225,191226,191227,191228,191229,191230,191231,191232,191233,191234,191328,191329,191330,191331,191332,191333,191334,191335,191336,191337,191338,191430,191431,191432,191433,191434,191435,191436,191437,191438,191439,191440,201225,201226,201227,201228,201229,201230,201231,201232,201233,201234,201328,201329,201330,201331,201332,201333,201334,201335,201336,201337,201338,201430,201431,201432,201433,201434,201435,201436,201437,201438,201439,201440,211329,211331,211335,211430,211431,211432,211433,211434,211435,211436,211437,211438,211439,211440
2,5,50818,50819,50820,50821,50822,50823,50824,50825,50826,50827,50828,50917,50918,50919,50920,50921,50922,50923,50924,50925,50926,50927,50928,50929,51018,51019,51020,51021,51022,51023,51024,51025,51026,51027,51028,61209,61210,61211,61212,61213,61214,61215,61216,61217,61218,61219,61220,61221,61222,61308,61309,61310,61311,61312,61313,61314,61315,61316,61317,61318,61319,61320,61321,61322,61409,61410,61411,61412,61413,61414,61415,61416,61417,61418,61419,61420,61421,61422,61508,61509,61510,61511,61512,61513,61514,61515,61516,61517,61518,61519,61520,61521,71701,71702,71703,71704,71705,71706,71707,71708,71709,71710,71711,71712,71713,71714,71715,71716,71717,71718,71802,71803,71804,71805,71806,71807,71808,71809,71810,71811,71812,71813,71814,71815,71816,71817,71818,71901,71902,71903,71904,71905,71906,71907,71908,71909,71910,71911,71912,71913,71914,71915,71916,71917,71918,72002,72003,72004,72005,72006,72007,72008,72009,72010,72011,72012,72013,72014,72015,72016,72017,72018,72101,72102,72103,72104,72105,72106,72107,72108,72109,72110,72111,72112,72113,72114,72115,72116,72117,72118,72203,72204,72205,72206,72207,72208,72209,72210,72211,72212,72213,72214,72215,72216,72217,72218,82400,82401,82402,82403,82404,82405,82406,82500,82501,82502,82503,82504,82505,82506,82600,82601,82602,82603,82604,82605,82606,82700,82701,82702,82703,82704,82705,82706,82800,82801,82802,82803,82804,82805,82806,82900,82901,82902,82903,82904,82905,82906,83000,83001,83002,83003,83004,83005,83006,93100,93101,93102,93103,93104,93105,93200,93201,93202,93203,93204,93205,93300,93301,93302,93303,93304,93305,93400,93401,93402,93403,93404,93405,93500,93501,93502,93503,93504,93505,93600,93601,93602,93603,93604,93605,93700,93701,93702,93703,93704,93705,93800,93801,93802,93803,93804,93805,93900,93901,93902,93903,93904,93905,103800,103801,103802,103803,103804,103900,103901,103902,103903,103904,104000,104001,104002,104003,104004,104100,104101,104102,104103,104104,104200,104201,104202,104203,104204,104300,104301,104302,104303,104400,104401,104402,104403,104404,104500,104501,104502,104503,104600,104601,104602,104603,104604,104700,104701,104702,104703,104704,104800,104801,104802,104803,104804,180926,180927,180928,180929,180930,180931,180932,180933,181028,181029,181030,181031,181032,181033,181034,181035,181132,181133,181134,181135,181136,181137,181138,181139,181140,181234,181235,181236,181237,181238,181239,181240,181241,181242,181243,181338,181339,181340,181341,181342,181343,181344,181345,181346,181347,181348,181440,181441,181442,181443,181444,181445,181446,181447,181448,181449,181450,191028,191029,191030,191031,191032,191033,191034,191035,191132,191133,191134,191135,191136,191137,191138,191139,191140,191234,191235,191236,191237,191238,191239,191240,191241,191242,191243,191338,191339,191340,191341,191342,191343,191344,191345,191346,191347,191348,191440,191441,191442,191443,191444,191445,191446,191447,191448,191449,191450,191451,201234,201235,201236,201237,201238,201239,201240,201241,201242,201243,201338,201339,201340,201341,201342,201343,201344,201345,201346,201347,201348,201440,201441,201442,201443,201444,201445,201446,201447,201448,201449,201450,211339,211341,211343,211345,211347,211440,211441,211442,211443,211444,211445,211446,211447,211448,211449,211450
2,6,51018,51019,51020,51021,51022,51023,51024,51025,51026,51027,51028,51117,51118,51119,51120,51121,51122,51123,51124,51125,51126,51127,51128,51129,51218,51219,51220,51221,51222,51223,51224,51225,51226,51227,51228,61508,61509,61510,61511,61512,61513,61514,61515,61516,61517,61518,61519,61520,61521,61609,61610,61611,61612,61613,61614,61615,61616,61617,61618,61619,61620,61621,61622,61708,61709,61710,61711,61712,61713,61714,61715,61716,61717,61718,61719,61720,61721,61809,61810,61811,61812,61813,61814,61815,61816,61817,61818,61819,61820,61821,61822,72101,72102,72103,72104,72105,72106,72107,72108,72109,72110,72111,72112,72113,72114,72115,72116,72117,72118,72202,72203,72204,72205,72206,72207,72208,72209,72210,72211,72212,72213,72214,72215,72216,72217,72218,72301,72302,72303,72304,72305,72306,72307,72308,72309,72310,72311,72312,72313,72314,72315,72316,72317,72318,72402,72403,72404,72405,72406,72407,72408,72409,72410,72411,72412,72413,72414,72415,72416,72417,72418,72502,72503,72504,72505,72506,72507,72508,72509,72510,72511,72512,72513,72514,72515,72516,72517,72518,72602,72603,72604,72605,72606,72607,72608,72609,72610,72611,72612,72613,72614,72615,72616,72617,72618,83000,83001,83002,83003,83004,83005,83006,83100,83101,83102,83103,83104,83105,83106,83200,83201,83202,83203,83204,83205,83206,83300,83301,83302,83303,83304,83305,83306,83400,83401,83402,83403,83404,83405,83406,83500,83501,83502,83503,83504,83505,83506,83600,83601,83602,83603,83604,83605,83606,93900,93901,93902,93903,93904,93905,94000,94001,94002,94003,94004,94005,94100,94101,94102,94103,94104,94105,94200,94201,94202,94203,94204,94205,94300,94301,94302,94303,94304,94305,94400,94401,94402,94403,94404,94405,94500,94501,94502,94503,94504,94505,94600,94601,94602,94603,94604,94605,94700,94701,94702,94703,94704,104700,104701,104702,104703,104800,104801,104802,104803,104804,104900,104901,104902,104903,104904,105000,105001,105002,105003,105004,105100,105101,105102,105103,105104,105200,105201,105202,105203,105204,105300,105301,105302,105303,105304,105400,105401,105402,105403,105404,105500,105501,105502,105503,105600,105601,105602,105603,105604,105700,105701,105702,105703,180932,180933,180934,180935,180936,180937,180938,180939,181035,181036,181037,181038,181039,181040,181041,181042,181140,181141,181142,181143,181144,181145,181146,181147,181148,181242,181243,181244,181245,181246,181247,181248,181249,181250,181251,181347,181348,181349,181350,181351,181352,181353,181354,181355,181356,181357,181450,181451,181452,181453,181454,181455,181456,181457,181458,181459,181460,191035,191036,191037,191038,191039,191040,191041,191042,191140,191141,191142,191143,191144,191145,191146,191147,191148,191242,191243,191244,191245,191246,191247,191248,191249,191250,191251,191347,191348,191349,191350,191351,191352,191353,191354,191355,191356,191357,191450,191451,191452,191453,191454,191455,191456,191457,191458,191459,191460,201242,201243,201244,201245,201246,201247,201248,201249,201250,201251,201347,201348,201349,201350,201351,201352,201353,201354,201355,201356,201357,201450,201451,201452,201453,201454,201455,201456,201457,201458,201459,201460,201461,211355,211450,211451,211452,211453,211454,211455,211456,211457,211458,211459,211460,211461
2,7,51218,51219,51220,51221,51222,51223,51224,51225,51226,51227,51228,51317,51318,51319,51320,51321,51322,51323,51324,51325,51326,51327,51328,51329,51418,51419,51420,51421,51422,51423,51424,51425,51426,51427,51428,61809,61810,61811,61812,61813,61814,61815,61816,61817,61818,61819,61820,61821,61822,61908,61909,61910,61911,61912,61913,61914,61915,61916,61917,61918,61919,61920,61921,61922,62009,62010,62011,62012,62013,62014,62015,62016,62017,62018,62019,62020,62021,62022,62108,62109,62110,62111,62112,62113,62114,62115,62116,62117,62118,62119,62120,62121,72502,72503,72504,72505,72506,72507,72508,72509,72510,72511,72512,72513,72514,72515,72516,72517,72518,72602,72603,72604,72605,72606,72607,72608,72609,72610,72611,72612,72613,72614,72615,72616,72617,72618,72701,72702,72703,72704,72705,72706,72707,72708,72709,72710,72711,72712,72713,72714,72715,72716,72717,72718,72802,72803,72804,72805,72806,72807,72808,72809,72810,72811,72812,72813,72814,72815,72816,72817,72818,72901,72902,72903,72904,72905,72906,72907,72908,72909,72910,72911,72912,72913,72914,72915,72916,72917,72918,73002,73003,73004,73005,73006,73007,73008,73009,73010,73011,73012,73013,73014,73015,73016,73017,73018,83600,83601,83602,83603,83604,83605,83606,83700,83701,83702,83703,83704,83705,83706,83800,83801,83802,83803,83804,83805,83806,83900,83901,83902,83903,83904,83905,83906,84000,84001,84002,84003,84004,84005,84006,84100,84101,84102,84103,84104,84105,84106,84200,84201,84202,84203,84204,84205,84206,94600,94601,94602,94603,94604,94605,94700,94701,94702,94703,94704,94705,94800,94801,94802,94803,94804,94805,94900,94901,94902,94903,94904,94905,95000,95001,95002,95003,95004,95005,95100,95101,95102,95103,95104,95105,95200,95201,95202,95203,95204,95205,95300,95301,95302,95303,95304,95305,95400,95401,95402,95403,95404,95405,105700,105701,105702,105703,105800,105801,105802,105803,105804,105900,105901,105902,105903,105904,106000,106001,106002,106003,106004,106100,106101,106102,106103,106200,106201,106202,106203,106204,106300,106301,106302,106303,106304,106400,106401,106402,106403,106404,106500,106501,106502,106503,106504,106600,106601,106602,106603,106604,106700,106701,106702,106703,180939,180940,180941,180942,180943,180944,180945,180946,181042,181043,181044,181045,181046,181047,181048,181049,181148,181149,181150,181151,181152,181153,181154,181155,181156,181251,181252,181253,181254,181255,181256,181257,181258,181259,181260,181357,181358,181359,181360,181361,181362,181363,181364,181365,181366,181367,181460,181461,181462,181463,181464,181465,181466,181467,181468,181469,181470,191042,191043,191044,191045,191046,191047,191048,191049,191148,191149,191150,191151,191152,191153,191154,191155,191156,191251,191252,191253,191254,191255,191256,191257,191258,191259,191260,191357,191358,191359,191360,191361,191362,191363,191364,191365,191366,191367,191459,191460,191461,191462,191463,191464,191465,191466,191467,191468,191469,191470,201251,201252,201253,201254,201255,201256,201257,201258,201259,201260,201357,201358,201359,201360,201361,201362,201363,201364,201365,201366,201367,201460,201461,201462,201463,201464,201465,201466,201467,201468,201469,201470,211363,211460,211461,211462,211463,211464,211465,211466,211467,211468,211469,211470
2,8,50017,50018,50019,50020,50021,50022,50023,50024,50025,50026,50027,50028,51418,51419,51420,51421,51422,51423,51424,51425,51426,51427,51428,51516,51517,51518,51519,51520,51521,51522,51523,51524,51525,51526,51527,51528,51529,60009,60010,60011,60012,60013,60014,60015,60016,60017,60018,60019,60020,60021,60022,62108,62109,62110,62111,62112,62113,62114,62115,62116,62117,62118,62119,62120,62121,62209,62210,62211,62212,62213,62214,62215,62216,62217,62218,62219,62220,62221,62222,62308,62309,62310,62311,62312,62313,62314,62315,62316,62317,62318,62319,62320,62321,62322,70002,70003,70004,70005,70006,70007,70008,70009,70010,70011,70012,70013,70014,70015,70016,70017,70018,72902,72903,72904,72905,72906,72907,72908,72909,72910,72911,72912,72913,72914,72915,72916,72917,73002,73003,73004,73005,73006,73007,73008,73009,73010,73011,73012,73013,73014,73015,73016,73017,73018,73101,73102,73103,73104,73105,73106,73107,73108,73109,73110,73111,73112,73113,73114,73115,73116,73117,73118,73202,73203,73204,73205,73206,73207,73208,73209,73210,73211,73212,73213,73214,73215,73216,73217,73218,73301,73302,73303,73304,73305,73306,73307,73308,73309,73310,73311,73312,73313,73314,73315,73316,73317,73318,80000,80001,80002,80003,80004,80005,80006,84200,84201,84202,84203,84204,84205,84206,84300,84301,84302,84303,84304,84305,84306,84400,84401,84402,84403,84404,84405,84406,84500,84501,84502,84503,84504,84505,84506,84600,84601,84602,84603,84604,84605,84606,84700,84701,84702,84703,84704,84705,84706,90000,90001,90002,90003,90004,90005,95400,95401,95402,95403,95404,95405,95500,95501,95502,95503,95504,95505,95600,95601,95602,95603,95604,95605,95700,95701,95702,95703,95704,95705,95800,95801,95802,95803,95804,95805,95900,95901,95902,95903,95904,95905,96000,96001,96002,96003,96004,96005,96100,96101,96102,96103,96104,96105,100000,100001,100002,100003,100004,106600,106601,106602,106603,106700,106701,106702,106703,106800,106801,106802,106803,106804,106900,106901,106902,106903,107000,107001,107002,107003,107004,107100,107101,107102,107103,107200,107201,107202,107203,107204,107300,107301,107302,107303,107304,107400,107401,107402,107403,107404,107500,107501,107502,107503,107504,180900,180945,180946,180947,180948,180949,180950,180951,181000,181049,181050,181051,181052,181053,181054,181055,181100,181156,181157,181158,181159,181160,181161,181162,181163,181200,181259,181260,181261,181262,181263,181264,181265,181266,181267,181300,181366,181367,181368,181369,181370,181371,181372,181373,181374,181375,181400,181470,181471,181472,181473,181474,181475,181476,181477,181478,181479,191000,191049,191050,191051,191052,191053,191054,191055,191100,191156,191157,191158,191159,191160,191161,191162,191163,191200,191259,191260,191261,191262,191263,191264,191265,191266,191267,191300,191366,191367,191368,191369,191370,191371,191372,191373,191374,191375,191400,191470,191471,191472,191473,191474,191475,191476,191477,191478,191479,201200,201259,201260,201261,201262,201263,201264,201265,201266,201267,201300,201366,201367,201368,201369,201370,201371,201372,201373,201374,201375,201400,201469,201470,201471,201472,201473,201474,201475,201476,201477,201478,201479,211367,211369,211371,211373,211375,211400,211470,211471,211472,211473,211474,211475,211476,211477,211478,211479
3,1,50025,50026,50027,50028,50029,50030,50031,50032,50033,50124,50125,50126,50127,50128,50129,50130,50131,50132,50133,50225,50226,50227,50228,50229,50230,50231,50232,60019,60020,60021,60022,60023,60024,60025,60026,60027,60028,60119,60120,60121,60122,60123,60124,60125,60126,60127,60128,60219,60220,60221,60222,60223,60224,60225,60226,60227,60228,60319,60320,60321,60322,60323,60324,60325,60326,60327,60328,70017,70018,70019,70020,70021,70022,70023,70024,70025,70026,70027,70117,70118,70119,70120,70121,70122,70123,70124,70125,70126,70127,70217,70218,70219,70220,70221,70222,70223,70224,70225,70226,70227,70317,70318,70319,70320,70321,70322,70323,70324,70325,70326,70327,70417,70418,70419,70420,70421,70422,70423,70424,70425,70426,70427,70517,70518,70519,70520,70521,70522,70523,70524,70525,70526,70527,80006,80007,80008,80009,80010,80011,80012,80106,80107,80108,80109,80110,80111,80112,80206,80207,80208,80209,80210,80211,80212,80306,80307,80308,80309,80310,80311,80312,80406,80407,80408,80409,80410,80411,80412,80506,80507,80508,80509,80510,80511,80512,80606,80607,80608,80609,80610,80611,80612,90004,90005,90006,90007,90008,90009,90010,90011,90012,90104,90105,90106,90107,90108,90109,90110,90111,90112,90204,90205,90206,90207,90208,90209,90210,90211,90212,90304,90305,90306,90307,90308,90309,90310,90311,90312,90404,90405,90406,90407,90408,90409,90410,90411,90412,90504,90505,90506,90507,90508,90509,90510,90511,90512,90604,90605,90606,90607,90608,90609,90610,90611,90612,90703,90704,90705,90706,90707,90708,90709,90710,90711,90712,90804,90805,90806,90807,90808,90809,90810,90811,90812,100002,100003,100004,100005,100006,100007,100008,100009,100010,100011,100012,100013,100101,100102,100103,100104,100105,100106,100107,100108,100109,100110,100111,100112,100113,100202,100203,100204,100205,100206,100207,100208,100209,100210,100211,100212,100301,100302,100303,100304,100305,100306,100307,100308,100309,100310,100311,100312,100313,100402,100403,100404,100405,100406,100407,100408,100409,100410,100411,100412,100502,100503,100504,100505,100506,100507,100508,100509,100510,100511,100512,100602,100603,100604,100605,100606,100607,100608,100609,100610,100611,100612,100702,100703,100704,100705,100706,100707,100708,100709,100710,100711,100712,100802,100803,100804,100805,100806,100807,100808,100809,100810,100811,100812,100901,100902,100903,100904,100905,100906,100907,100908,100909,100910,100911,100912,100913,101002,101003,101004,101005,101006,101007,101008,101009,101010,101011,101012
3,2,50225,50226,50227,50228,50229,50230,50231,50232,50233,50325,50326,50327,50328,50329,50330,50331,50332,50333,50425,50426,50427,50428,50429,50430,50431,50432,60319,60320,60321,60322,60323,60324,60325,60326,60327,60328,60419,60420,60421,60422,60423,60424,60425,60426,60427,60428,60519,60520,60521,60522,60523,60524,60525,60526,60527,60528,60619,60620,60621,60622,60623,60624,60625,60626,60627,60628,70417,70418,70419,70420,70421,70422,70423,70424,70425,70426,70427,70517,70518,70519,70520,70521,70522,70523,70524,70525,70526,70527,70617,70618,70619,70620,70621,70622,70623,70624,70625,70626,70627,70717,70718,70719,70720,70721,70722,70723,70724,70725,70726,70727,70817,70818,70819,70820,70821,70822,70823,70824,70825,70826,70827,70917,70918,70919,70920,70921,70922,70923,70924,70925,70926,70927,80606,80607,80608,80609,80610,80611,80612,80706,80707,80708,80709,80710,80711,80712,80806,80807,80808,80809,80810,80811,80812,80906,80907,80908,80909,80910,80911,80912,81006,81007,81008,81009,81010,81011,81012,81106,81107,81108,81109,81110,81111,81112,81206,81207,81208,81209,81210,81211,81212,90804,90805,90806,90807,90808,90809,90810,90811,90812,90904,90905,90906,90907,90908,90909,90910,90911,90912,91004,91005,91006,91007,91008,91009,91010,91011,91012,91104,91105,91106,91107,91108,91109,91110,91111,91112,91204,91205,91206,91207,91208,91209,91210,91211,91212,91304,91305,91306,91307,91308,91309,91310,91311,91312,91404,91405,91406,91407,91408,91409,91410,91411,91412,91503,91504,91505,91506,91507,91508,91509,91510,91511,91512,91604,91605,91606,91607,91608,91609,91610,91611,91612,100902,100903,100904,100905,100906,100907,100908,100909,100910,100911,100912,101002,101003,101004,101005,101006,101007,101008,101009,101010,101011,101012,101013,101102,101103,101104,101105,101106,101107,101108,101109,101110,101111,101112,101113,101202,101203,101204,101205,101206,101207,101208,101209,101210,101211,101212,101302,101303,101304,101305,101306,101307,101308,101309,101310,101311,101312,101313,101402,101403,101404,101405,101406,101407,101408,101409,101410,101411,101412,101501,101502,101503,101504,101505,101506,101507,101508,101509,101510,101511,101512,101513,101602,101603,101604,101605,101606,101607,101608,101609,101610,101611,101612,101613,101702,101703,101704,101705,101706,101707,101708,101709,101710,101711,101712,101713,101802,101803,101804,101805,101806,101807,101808,101809,101810,101811,101812,101901,101902,101903,101904,101905,101906,101907,101908,101909,101910,101911,101912
3,3,50425,50426,50427,50428,50429,50430,50431,50432,50433,50525,50526,50527,50528,50529,50530,50531,50532,50533,50625,50626,50627,50628,50629,50630,50631,50632,50633,60619,60620,60621,60622,60623,60624,60625,60626,60627,60628,60719,60720,60721,60722,60723,60724,60725,60726,60727,60728,60819,60820,60821,60822,60823,60824,60825,60826,60827,60828,60919,60920,60921,60922,60923,60924,60925,60926,60927,60928,70817,70818,70819,70820,70821,70822,70823,70824,70825,70826,70827,70917,70918,70919,70920,70921,70922,70923,70924,70925,70926,70927,71017,71018,71019,71020,71021,71022,71023,71024,71025,71026,71027,71117,71118,71119,71120,71121,71122,71123,71124,71125,71126,71127,71217,71218,71219,71220,71221,71222,71223,71224,71225,71226,71227,71317,71318,71319,71320,71321,71322,71323,71324,71325,71326,71327,81206,81207,81208,81209,81210,81211,81212,81306,81307,81308,81309,81310,81311,81312,81406,81407,81408,81409,81410,81411,81412,81506,81507,81508,81509,81510,81511,81512,81606,81607,81608,81609,81610,81611,81612,81706,81707,81708,81709,81710,81711,81712,81806,81807,81808,81809,81810,81811,81812,91504,91505,91506,91507,91508,91509,91510,91511,91604,91605,91606,91607,91608,91609,91610,91611,91612,91703,91704,91705,91706,91707,91708,91709,91710,91711,91712,91804,91805,91806,91807,91808,91809,91810,91811,91812,91903,91904,91905,91906,91907,91908,91909,91910,91911,91912,92004,92005,92006,92007,92008,92009,92010,92011,92012,92104,92105,92106,92107,92108,92109,92110,92111,92112,92204,92205,92206,92207,92208,92209,92210,92211,92212,92304,92305,92306,92307,92308,92309,92310,92311,92312,101902,101903,101904,101905,101906,101907,101908,101909,101910,101911,101912,102002,102003,102004,102005,102006,102007,102008,102009,102010,102011,102012,102101,102102,102103,102104,102105,102106,102107,102108,102109,102110,102111,102112,102202,102203,102204,102205,102206,102207,102208,102209,102210,102211,102212,102302,102303,102304,102305,102306,102307,102308,102309,102310,102311,102312,102313,102402,102403,102404,102405,102406,102407,102408,102409,102410,102411,102412,102502,102503,102504,102505,102506,102507,102508,102509,102510,102511,102512,102602,102603,102604,102605,102606,102607,102608,102609,102610,102611,102612,102701,102702,102703,102704,102705,102706,102707,102708,102709,102710,102711,102712,102713,102802,102803,102804,102805,102806,102807,102808,102809,102810,102811,102812,102902,102903,102904,102905,102906,102907,102908,102909,102910,102911,102912
3,4,50625,50626,50627,50628,50629,50630,50631,50632,50633,50724,50725,50726,50727,50728,50729,50730,50731,50732,50733,50825,50826,50827,50828,50829,50830,50831,50832,50833,60919,60920,60921,60922,60923,60924,60925,60926,60927,60928,61019,61020,61021,61022,61023,61024,61025,61026,61027,61028,61119,61120,61121,61122,61123,61124,61125,61126,61127,61128,61219,61220,61221,61222,61223,61224,61225,61226,61227,61228,71217,71218,71219,71220,71221,71222,71223,71224,71225,71226,71227,71317,71318,71319,71320,71321,71322,71323,71324,71325,71326,71327,71417,71418,71419,71420,71421,71422,71423,71424,71425,71426,71427,71517,71518,71519,71520,71521,71522,71523,71524,71525,71526,71527,71617,71618,71619,71620,71621,71622,71623,71624,71625,71626,71627,71717,71718,71719,71720,71721,71722,71723,71724,71725,71726,71727,81806,81807,81808,81809,81810,81811,81812,81906,81907,81908,81909,81910,81911,81912,82006,82007,82008,82009,82010,82011,82012,82106,82107,82108,82109,82110,82111,82112,82206,82207,82208,82209,82210,82211,82212,82306,82307,82308,82309,82310,82311,82312,82406,82407,82408,82409,82410,82411,82412,92304,92305,92306,92307,92308,92309,92310,92311,92312,92404,92405,92406,92407,92408,92409,92410,92411,92412,92503,92504,92505,92506,92507,92508,92509,92510,92511,92512,92604,92605,92606,92607,92608,92609,92610,92611,92612,92703,92704,92705,92706,92707,92708,92709,92710,92711,92712,92804,92805,92806,92807,92808,92809,92810,92811,92812,92903,92904,92905,92906,92907,92908,92909,92910,92911,92912,93004,93005,93006,93007,93008,93009,93010,93011,93012,93104,93105,93106,93107,93108,93109,93110,93111,93112,102802,102803,102804,102805,102806,102807,102808,102809,102810,102811,102812,102902,102903,102904,102905,102906,102907,102908,102909,102910,102911,102912,103002,103003,103004,103005,103006,103007,103008,103009,103010,103011,103012,103102,103103,103104,103105,103106,103107,103108,103109,103110,103111,103112,103202,103203,103204,103205,103206,103207,103208,103209,103210,103211,103212,103301,103302,103303,103304,103305,103306,103307,103308,103309,103310,103311,103312,103313,103402,103403,103404,103405,103406,103407,103408,103409,103410,103411,103412,103413,103501,103502,103503,103504,103505,103506,103507,103508,103509,103510,103511,103512,103513,103602,103603,103604,103605,103606,103607,103608,103609,103610,103611,103612,103613,103701,103702,103703,103704,103705,103706,103707,103708,103709,103710,103711,103712,103713,103802,103803,103804,103805,103806,103807,103808,103809,103810,103811,103812
3,5,50825,50826,50827,50828,50829,50830,50831,50832,50833,50924,50925,50926,50927,50928,50929,50930,50931,50932,50933,51025,51026,51027,51028,51029,51030,51031,51032,51033,61219,61220,61221,61222,61223,61224,61225,61226,61227,61228,61319,61320,61321,61322,61323,61324,61325,61326,61327,61328,61419,61420,61421,61422,61423,61424,61425,61426,61427,61428,61519,61520,61521,61522,61523,61524,61525,61526,61527,61528,71717,71718,71719,71720,71721,71722,71723,71724,71725,71726,71727,71817,71818,71819,71820,71821,71822,71823,71824,71825,71826,71827,71917,71918,71919,71920,71921,71922,71923,71924,71925,71926,71927,72017,72018,72019,72020,72021,72022,72023,72024,72025,72026,72027,72117,72118,72119,72120,72121,72122,72123,72124,72125,72126,72127,72217,72218,72219,72220,72221,72222,72223,72224,72225,72226,72227,82406,82407,82408,82409,82410,82411,82412,82506,82507,82508,82509,82510,82511,82512,82606,82607,82608,82609,82610,82611,82612,82706,82707,82708,82709,82710,82711,82712,82806,82807,82808,82809,82810,82811,82812,82906,82907,82908,82909,82910,82911,82912,83006,83007,83008,83009,83010,83011,83012,93103,93104,93105,93106,93107,93108,93109,93110,93111,93112,93204,93205,93206,93207,93208,93209,93210,93211,93212,93303,93304,93305,93306,93307,93308,93309,93310,93311,93312,93404,93405,93406,93407,93408,93409,93410,93411,93412,93503,93504,93505,93506,93507,93508,93509,93510,93511,93512,93604,93605,93606,93607,93608,93609,93610,93611,93612,93703,93704,93705,93706,93707,93708,93709,93710,93711,93712,93804,93805,93806,93807,93808,93809,93810,93811,93812,93904,93905,93906,93907,93908,93909,93910,93911,93912,103802,103803,103804,103805,103806,103807,103808,103809,103810,103811,103812,103901,103902,103903,103904,103905,103906,103907,103908,103909,103910,103911,103912,103913,104002,104003,104004,104005,104006,104007,104008,104009,104010,104011,104012,104101,104102,104103,104104,104105,104106,104107,104108,104109,104110,104111,104112,104202,104203,104204,104205,104206,104207,104208,104209,104210,104211,104212,104301,104302,104303,104304,104305,104306,104307,104308,104309,104310,104311,104312,104313,104402,104403,104404,104405,104406,104407,104408,104409,104410,104411,104412,104501,104502,104503,104504,104505,104506,104507,104508,104509,104510,104511,104512,104513,104602,104603,104604,104605,104606,104607,104608,104609,104610,104611,104612,104613,104701,104702,104703,104704,104705,104706,104707,104708,104709,104710,104711,104712,104713,104802,104803,104804,104805,104806,104807,104808,104809,104810,104811,104812,104813
3,6,51025,51026,51027,51028,51029,51030,51031,51032,51033,51124,51125,51126,51127,51128,51129,51130,51131,51132,51133,51225,51226,51227,51228,51229,51230,51231,51232,51233,61519,61520,61521,61522,61523,61524,61525,61526,61527,61528,61619,61620,61621,61622,61623,61624,61625,61626,61627,61628,61719,61720,61721,61722,61723,61724,61725,61726,61727,61728,61819,61820,61821,61822,61823,61824,61825,61826,61827,61828,72117,72118,72119,72120,72121,72122,72123,72124,72125,72126,72127,72217,72218,72219,72220,72221,72222,72223,72224,72225,72226,72227,72317,72318,72319,72320,72321,72322,72323,72324,72325,72326,72327,72417,72418,72419,72420,72421,72422,72423,72424,72425,72426,72427,72517,72518,72519,72520,72521,72522,72523,72524,72525,72526,72527,72617,72618,72619,72620,72621,72622,72623,72624,72625,72626,72627,83006,83007,83008,83009,83010,83011,83012,83106,83107,83108,83109,83110,83111,83112,83206,83207,83208,83209,83210,83211,83212,83306,83307,83308,83309,83310,83311,83312,83406,83407,83408,83409,83410,83411,83412,83506,83507,83508,83509,83510,83511,83512,83606,83607,83608,83609,83610,83611,83612,93904,93905,93906,93907,93908,93909,93910,93911,93912,94004,94005,94006,94007,94008,94009,94010,94011,94012,94104,94105,94106,94107,94108,94109,94110,94111,94112,94204,94205,94206,94207,94208,94209,94210,94211,94212,94303,94304,94305,94306,94307,94308,94309,94310,94311,94312,94404,94405,94406,94407,94408,94409,94410,94411,94412,94504,94505,94506,94507,94508,94509,94510,94511,94512,94604,94605,94606,94607,94608,94609,94610,94611,94612,94704,94705,94706,94707,94708,94709,94710,94711,94712,104702,104703,104704,104705,104706,104707,104708,104709,104710,104711,104712,104802,104803,104804,104805,104806,104807,104808,104809,104810,104811,104812,104901,104902,104903,104904,104905,104906,104907,104908,104909,104910,104911,104912,104913,105002,105003,105004,105005,105006,105007,105008,105009,105010,105011,105012,105102,105103,105104,105105,105106,105107,105108,105109,105110,105111,105112,105202,105203,105204,105205,105206,105207,105208,105209,105210,105211,105212,105301,105302,105303,105304,105305,105306,105307,105308,105309,105310,105311,105312,105402,105403,105404,105405,105406,105407,105408,105409,105410,105411,105412,105501,105502,105503,105504,105505,105506,105507,105508,105509,105510,105511,105512,105602,105603,105604,105605,105606,105607,105608,105609,105610,105611,105612,105613,105702,105703,105704,105705,105706,105707,105708,105709,105710,105711,105712
3,7,51225,51226,51227,51228,51229,51230,51231,51232,51233,51324,51325,51326,51327,51328,51329,51330,51331,51332,51333,51425,51426,51427,51428,51429,51430,51431,51432,51433,61819,61820,61821,61822,61823,61824,61825,61826,61827,61828,61919,61920,61921,61922,61923,61924,61925,61926,61927,61928,62019,62020,62021,62022,62023,62024,62025,62026,62027,62028,62119,62120,62121,62122,62123,62124,62125,62126,62127,62128,72517,72518,72519,72520,72521,72522,72523,72524,72525,72526,72527,72617,72618,72619,72620,72621,72622,72623,72624,72625,72626,72627,72717,72718,72719,72720,72721,72722,72723,72724,72725,72726,72727,72817,72818,72819,72820,72821,72822,72823,72824,72825,72826,72827,72917,72918,72919,72920,72921,72922,72923,72924,72925,72926,72927,73017,73018,73019,73020,73021,73022,73023,73024,73025,73026,73027,83606,83607,83608,83609,83610,83611,83612,83706,83707,83708,83709,83710,83711,83712,83806,83807,83808,83809,83810,83811,83812,83906,83907,83908,83909,83910,83911,83912,84006,84007,84008,84009,84010,84011,84012,84106,84107,84108,84109,84110,84111,84112,84206,84207,84208,84209,84210,84211,84212,94604,94605,94606,94607,94608,94609,94610,94611,94612,94704,94705,94706,94707,94708,94709,94710,94711,94712,94804,94805,94806,94807,94808,94809,94810,94811,94812,94904,94905,94906,94907,94908,94909,94910,94911,94912,95004,95005,95006,95007,95008,95009,95010,95011,95012,95103,95104,95105,95106,95107,95108,95109,95110,95111,95112,95204,95205,95206,95207,95208,95209,95210,95211,95212,95304,95305,95306,95307,95308,95309,95310,95311,95312,95404,95405,95406,95407,95408,95409,95410,95411,95412,105702,105703,105704,105705,105706,105707,105708,105709,105710,105711,105712,105713,105802,105803,105804,105805,105806,105807,105808,105809,105810,105811,105812,105901,105902,105903,105904,105905,105906,105907,105908,105909,105910,105911,105912,106002,106003,106004,106005,106006,106007,106008,106009,106010,106011,106012,106101,106102,106103,106104,106105,106106,106107,106108,106109,106110,106111,106112,106202,106203,106204,106205,106206,106207,106208,106209,106210,106211,106212,106301,106302,106303,106304,106305,106306,106307,106308,106309,106310,106311,106312,106402,106403,106404,106405,106406,106407,106408,106409,106410,106411,106412,106501,106502,106503,106504,106505,106506,106507,106508,106509,106510,106511,106512,106602,106603,106604,106605,106606,106607,106608,106609,106610,106611,106612,106702,106703,106704,106705,106706,106707,106708,106709,106710,106711,106712
3,8,50025,50026,50027,50028,50029,50030,50031,50032,50033,51425,51426,51427,51428,51429,51430,51431,51432,51433,51524,51525,51526,51527,51528,51529,51530,51531,51532,51533,60019,60020,60021,60022,60023,60024,60025,60026,60027,60028,62119,62120,62121,62122,62123,62124,62125,62126,62127,62128,62219,62220,62221,62222,62223,62224,62225,62226,62227,62228,62319,62320,62321,62322,62323,62324,62325,62326,62327,62328,70017,70018,70019,70020,70021,70022,70023,70024,70025,70026,70027,72917,72918,72919,72920,72921,72922,72923,72924,72925,72926,72927,73017,73018,73019,73020,73021,73022,73023,73024,73025,73026,73027,73117,73118,73119,73120,73121,73122,73123,73124,73125,73126,73127,73217,73218,73219,73220,73221,73222,73223,73224,73225,73226,73227,73317,73318,73319,73320,73321,73322,73323,73324,73325,73326,73327,80006,80007,80008,80009,80010,80011,80012,84206,84207,84208,84209,84210,84211,84212,84306,84307,84308,84309,84310,84311,84312,84406,84407,84408,84409,84410,84411,84412,84506,84507,84508,84509,84510,84511,84512,84606,84607,84608,84609,84610,84611,84612,84706,84707,84708,84709,84710,84711,84712,90004,90005,90006,90007,90008,90009,90010,90011,90012,95404,95405,95406,95407,95408,95409,95410,95411,95412,95503,95504,95505,95506,95507,95508,95509,95510,95511,95512,95604,95605,95606,95607,95608,95609,95610,95611,95612,95703,95704,95705,95706,95707,95708,95709,95710,95711,95712,95804,95805,95806,95807,95808,95809,95810,95811,95812,95903,95904,95905,95906,95907,95908,95909,95910,95911,95912,96004,96005,96006,96007,96008,96009,96010,96011,96012,96104,96105,96106,96107,96108,96109,96110,96111,96112,100002,100003,100004,100005,100006,100007,100008,100009,100010,100011,100012,100106,106602,106603,106604,106605,106606,106607,106608,106609,106610,106611,106612,106701,106702,106703,106704,106705,106706,106707,106708,106709,106710,106711,106712,106713,106802,106803,106804,106805,106806,106807,106808,106809,106810,106811,106812,106901,106902,106903,106904,106905,106906,106907,106908,106909,106910,106911,106912,106913,107002,107003,107004,107005,107006,107007,107008,107009,107010,107011,107012,107101,107102,107103,107104,107105,107106,107107,107108,107109,107110,107111,107112,107202,107203,107204,107205,107206,107207,107208,107209,107210,107211,107212,107301,107302,107303,107304,107305,107306,107307,107308,107309,107310,107311,107312,107313,107402,107403,107404,107405,107406,107407,107408,107409,107410,107411,107412,107502,107503,107504,107505,107506,107507,107508,107509,107510,107511,107512
4,1,50029,50030,50031,50032,50033,50034,50035,50036,50037,50129,50130,50131,50132,50133,50134,50135,50136,50137,50138,50229,50230,50231,50232,50233,50234,50235,50236,50237,60026,60027,60028,60029,60030,60031,60032,60033,60034,60035,60126,60127,60128,60129,60130,60131,60132,60133,60134,60135,60226,60227,60228,60229,60230,60231,60232,60233,60234,60235,60326,60327,60328,60329,60330,60331,60332,60333,60334,60335,70026,70027,70028,70029,70030,70031,70032,70033,70034,70035,70036,70126,70127,70128,70129,70130,70131,70132,70133,70134,70135,70136,70137,70226,70227,70228,70229,70230,70231,70232,70233,70234,70235,70236,70326,70327,70328,70329,70330,70331,70332,70333,70334,70335,70336,70426,70427,70428,70429,70430,70431,70432,70433,70434,70435,70436,70527,70528,70529,70530,70531,70532,70533,70534,70535,70536,80011,80012,80013,80014,80015,80016,80017,80111,80112,80113,80114,80115,80116,80117,80211,80212,80213,80214,80215,80216,80217,80311,80312,80313,80314,80315,80316,80317,80411,80412,80413,80414,80415,80416,80417,80511,80512,80513,80514,80515,80516,80517,80611,80612,80613,80614,80615,80616,80617,90011,90012,90013,90014,90015,90016,90017,90018,90019,90111,90112,90113,90114,90115,90116,90117,90118,90119,90211,90212,90213,90214,90215,90216,90217,90218,90219,90311,90312,90313,90314,90315,90316,90317,90318,90319,90411,90412,90413,90414,90415,90416,90417,90418,90419,90511,90512,90513,90514,90515,90516,90517,90518,90519,90611,90612,90613,90614,90615,90616,90617,90618,90619,90711,90712,90713,90714,90715,90716,90717,90718,90719,90811,90812,90813,90814,90815,90816,90817,90818,90819,100011,100012,100013,100014,100015,100016,100017,100018,100019,100020,100021,100110,100111,100112,100113,100114,100115,100116,100117,100118,100119,100120,100121,100122,100210,100211,100212,100213,100214,100215,100216,100217,100218,100219,100220,100221,100310,100311,100312,100313,100314,100315,100316,100317,100318,100319,100320,100321,100322,100410,100411,100412,100413,100414,100415,100416,100417,100418,100419,100420,100421,100511,100512,100513,100514,100515,100516,100517,100518,100519,100520,100521,100611,100612,100613,100614,100615,100616,100617,100618,100619,100620,100621,100711,100712,100713,100714,100715,100716,100717,100718,100719,100720,100721,100810,100811,100812,100813,100814,100815,100816,100817,100818,100819,100820,100821,100911,100912,100913,100914,100915,100916,100917,100918,100919,100920,100921,101011,101012,101013,101014,101015,101016,101017,101018,101019,101020,101021
4,2,50229,50230,50231,50232,50233,50234,50235,50236,50237,50329,50330,50331,50332,50333,50334,50335,50336,50337,50338,50429,50430,50431,50432,50433,50434,50435,50436,50437,60326,60327,60328,60329,60330,60331,60332,60333,60334,60335,60426,60427,60428,60429,60430,60431,60432,60433,60434,60435,60526,60527,60528,60529,60530,60531,60532,60533,60534,60535,60626,60627,60628,60629,60630,60631,60632,60633,60634,60635,70426,70427,70428,70429,70430,70431,70432,70433,70434,70435,70436,70526,70527,70528,70529,70530,70531,70532,70533,70534,70535,70536,70626,70627,70628,70629,70630,70631,70632,70633,70634,70635,70636,70726,70727,70728,70729,70730,70731,70732,70733,70734,70735,70736,70737,70826,70827,70828,70829,70830,70831,70832,70833,70834,70835,70836,70926,70927,70928,70929,70930,70931,70932,70933,70934,70935,70936,80611,80612,80613,80614,80615,80616,80617,80711,80712,80713,80714,80715,80716,80717,80811,80812,80813,80814,80815,80816,80817,80911,80912,80913,80914,80915,80916,80917,81011,81012,81013,81014,81015,81016,81017,81111,81112,81113,81114,81115,81116,81117,81211,81212,81213,81214,81215,81216,81217,90811,90812,90813,90814,90815,90816,90817,90818,90819,90911,90912,90913,90914,90915,90916,90917,90918,90919,91011,91012,91013,91014,91015,91016,91017,91018,91019,91111,91112,91113,91114,91115,91116,91117,91118,91119,91211,91212,91213,91214,91215,91216,91217,91218,91219,91311,91312,91313,91314,91315,91316,91317,91318,91319,91411,91412,91413,91414,91415,91416,91417,91418,91419,91511,91512,91513,91514,91515,91516,91517,91518,91519,91612,91613,91614,91615,91616,91617,91618,100911,100912,100913,100914,100915,100916,100917,100918,100919,100920,100921,101010,101011,101012,101013,101014,101015,101016,101017,101018,101019,101020,101021,101111,101112,101113,101114,101115,101116,101117,101118,101119,101120,101121,101210,101211,101212,101213,101214,101215,101216,101217,101218,101219,101220,101221,101310,101311,101312,101313,101314,101315,101316,101317,101318,101319,101320,101321,101410,101411,101412,101413,101414,101415,101416,101417,101418,101419,101420,101421,101511,101512,101513,101514,101515,101516,101517,101518,101519,101520,101521,101610,101611,101612,101613,101614,101615,101616,101617,101618,101619,101620,101621,101710,101711,101712,101713,101714,101715,101716,101717,101718,101719,101720,101721,101811,101812,101813,101814,101815,101816,101817,101818,101819,101820,101821,101911,101912,101913,101914,101915,101916,101917,101918,101919,101920,101921
4,3,50429,50430,50431,50432,50433,50434,50435,50436,50437,50529,50530,50531,50532,50533,50534,50535,50536,50537,50538,50629,50630,50631,50632,50633,50634,50635,50636,50637,60626,60627,60628,60629,60630,60631,60632,60633,60634,60635,60726,60727,60728,60729,60730,60731,60732,60733,60734,60735,60826,60827,60828,60829,60830,60831,60832,60833,60834,60835,60926,60927,60928,60929,60930,60931,60932,60933,60934,60935,70826,70827,70828,70829,70830,70831,70832,70833,70834,70835,70836,70926,70927,70928,70929,70930,70931,70932,70933,70934,70935,70936,70937,71026,71027,71028,71029,71030,71031,71032,71033,71034,71035,71036,71126,71127,71128,71129,71130,71131,71132,71133,71134,71135,71136,71137,71226,71227,71228,71229,71230,71231,71232,71233,71234,71235,71236,71326,71327,71328,71329,71330,71331,71332,71333,71334,71335,71336,81211,81212,81213,81214,81215,81216,81217,81311,81312,81313,81314,81315,81316,81317,81411,81412,81413,81414,81415,81416,81417,81511,81512,81513,81514,81515,81516,81517,81611,81612,81613,81614,81615,81616,81617,81711,81712,81713,81714,81715,81716,81717,81811,81812,81813,81814,81815,81816,81817,91511,91512,91513,91514,91515,91516,91517,91518,91519,91611,91612,91613,91614,91615,91616,91617,91618,91619,91711,91712,91713,91714,91715,91716,91717,91718,91719,91811,91812,91813,91814,91815,91816,91817,91818,91819,91911,91912,91913,91914,91915,91916,91917,91918,91919,92011,92012,92013,92014,92015,92016,92017,92018,92019,92111,92112,92113,92114,92115,92116,92117,92118,92119,92211,92212,92213,92214,92215,92216,92217,92218,92219,92311,92312,92313,92314,92315,92316,92317,92318,92319,101910,101911,101912,101913,101914,101915,101916,101917,101918,101919,101920,101921,102010,102011,102012,102013,102014,102015,102016,102017,102018,102019,102020,102021,102111,102112,102113,102114,102115,102116,102117,102118,102119,102120,102121,102210,102211,102212,102213,102214,102215,102216,102217,102218,102219,102220,102221,102311,102312,102313,102314,102315,102316,102317,102318,102319,102320,102321,102322,102410,102411,102412,102413,102414,102415,102416,102417,102418,102419,102420,102421,102511,102512,102513,102514,102515,102516,102517,102518,102519,102520,102521,102611,102612,102613,102614,102615,102616,102617,102618,102619,102620,102621,102711,102712,102713,102714,102715,102716,102717,102718,102719,102720,102721,102810,102811,102812,102813,102814,102815,102816,102817,102818,102819,102820,102821,102911,102912,102913,102914,102915,102916,102917,102918,102919,102920,102921
4,4,50629,50630,50631,50632,50633,50634,50635,50636,50637,50729,50730,50731,50732,50733,50734,50735,50736,50737,50738,50829,50830,50831,50832,50833,50834,50835,50836,50837,60926,60927,60928,60929,60930,60931,60932,60933,60934,60935,61026,61027,61028,61029,61030,61031,61032,61033,61034,61035,61126,61127,61128,61129,61130,61131,61132,61133,61134,61135,61226,61227,61228,61229,61230,61231,61232,61233,61234,61235,71226,71227,71228,71229,71230,71231,71232,71233,71234,71235,71236,71326,71327,71328,71329,71330,71331,71332,71333,71334,71335,71336,71426,71427,71428,71429,71430,71431,71432,71433,71434,71435,71436,71526,71527,71528,71529,71530,71531,71532,71533,71534,71535,71536,71537,71626,71627,71628,71629,71630,71631,71632,71633,71634,71635,71636,71726,71727,71728,71729,71730,71731,71732,71733,71734,71735,71736,81811,81812,81813,81814,81815,81816,81817,81911,81912,81913,81914,81915,81916,81917,82011,82012,82013,82014,82015,82016,82017,82111,82112,82113,82114,82115,82116,82117,82211,82212,82213,82214,82215,82216,82217,82311,82312,82313,82314,82315,82316,82317,82411,82412,82413,82414,82415,82416,82417,92311,92312,92313,92314,92315,92316,92317,92318,92319,92411,92412,92413,92414,92415,92416,92417,92418,92419,92511,92512,92513,92514,92515,92516,92517,92518,92519,92611,92612,92613,92614,92615,92616,92617,92618,92619,92711,92712,92713,92714,92715,92716,92717,92718,92719,92811,92812,92813,92814,92815,92816,92817,92818,92819,92911,92912,92913,92914,92915,92916,92917,92918,92919,93011,93012,93013,93014,93015,93016,93017,93018,93019,93111,93112,93113,93114,93115,93116,93117,93118,93119,102811,102812,102813,102814,102815,102816,102817,102818,102819,102820,102821,102911,102912,102913,102914,102915,102916,102917,102918,102919,102920,102921,103010,103011,103012,103013,103014,103015,103016,103017,103018,103019,103020,103021,103111,103112,103113,103114,103115,103116,103117,103118,103119,103120,103121,103211,103212,103213,103214,103215,103216,103217,103218,103219,103220,103221,103310,103311,103312,103313,103314,103315,103316,103317,103318,103319,103320,103321,103322,103411,103412,103413,103414,103415,103416,103417,103418,103419,103420,103421,103510,103511,103512,103513,103514,103515,103516,103517,103518,103519,103520,103521,103611,103612,103613,103614,103615,103616,103617,103618,103619,103620,103621,103711,103712,103713,103714,103715,103716,103717,103718,103719,103720,103721,103811,103812,103813,103814,103815,103816,103817,103818,103819,103820,103821
4,5,50829,50830,50831,50832,50833,50834,50835,50836,50837,50929,50930,50931,50932,50933,50934,50935,50936,50937,50938,51029,51030,51031,51032,51033,51034,51035,51036,51037,61226,61227,61228,61229,61230,61231,61232,61233,61234,61235,61326,61327,61328,61329,61330,61331,61332,61333,61334,61335,61426,61427,61428,61429,61430,61431,61432,61433,61434,61435,61526,61527,61528,61529,61530,61531,61532,61533,61534,61535,71726,71727,71728,71729,71730,71731,71732,71733,71734,71735,71736,71826,71827,71828,71829,71830,71831,71832,71833,71834,71835,71836,71926,71927,71928,71929,71930,71931,71932,71933,71934,71935,71936,72026,72027,72028,72029,72030,72031,72032,72033,72034,72035,72036,72126,72127,72128,72129,72130,72131,72132,72133,72134,72135,72136,72226,72227,72228,72229,72230,72231,72232,72233,72234,72235,72236,82411,82412,82413,82414,82415,82416,82417,82511,82512,82513,82514,82515,82516,82517,82611,82612,82613,82614,82615,82616,82617,82711,82712,82713,82714,82715,82716,82717,82811,82812,82813,82814,82815,82816,82817,82911,82912,82913,82914,82915,82916,82917,83011,83012,83013,83014,83015,83016,83017,93111,93112,93113,93114,93115,93116,93117,93118,93119,93211,93212,93213,93214,93215,93216,93217,93218,93219,93311,93312,93313,93314,93315,93316,93317,93318,93319,93411,93412,93413,93414,93415,93416,93417,93418,93419,93511,93512,93513,93514,93515,93516,93517,93518,93519,93611,93612,93613,93614,93615,93616,93617,93618,93619,93711,93712,93713,93714,93715,93716,93717,93718,93719,93811,93812,93813,93814,93815,93816,93817,93818,93819,93911,93912,93913,93914,93915,93916,93917,93918,93919,103811,103812,103813,103814,103815,103816,103817,103818,103819,103820,103821,103910,103911,103912,103913,103914,103915,103916,103917,103918,103919,103920,103921,104011,104012,104013,104014,104015,104016,104017,104018,104019,104020,104021,104111,104112,104113,104114,104115,104116,104117,104118,104119,104120,104121,104122,104210,104211,104212,104213,104214,104215,104216,104217,104218,104219,104220,104221,104310,104311,104312,104313,104314,104315,104316,104317,104318,104319,104320,104321,104410,104411,104412,104413,104414,104415,104416,104417,104418,104419,104420,104421,104510,104511,104512,104513,104514,104515,104516,104517,104518,104519,104520,104521,104610,104611,104612,104613,104614,104615,104616,104617,104618,104619,104620,104621,104710,104711,104712,104713,104714,104715,104716,104717,104718,104719,104720,104721,104722,104811,104812,104813,104814,104815,104816,104817,104818,104819,104820,104821
4,6,51029,51030,51031,51032,51033,51034,51035,51036,51037,51129,51130,51131,51132,51133,51134,51135,51136,51137,51138,51229,51230,51231,51232,51233,51234,51235,51236,51237,61526,61527,61528,61529,61530,61531,61532,61533,61534,61535,61626,61627,61628,61629,61630,61631,61632,61633,61634,61635,61726,61727,61728,61729,61730,61731,61732,61733,61734,61735,61826,61827,61828,61829,61830,61831,61832,61833,61834,61835,72126,72127,72128,72129,72130,72131,72132,72133,72134,72135,72136,72226,72227,72228,72229,72230,72231,72232,72233,72234,72235,72236,72326,72327,72328,72329,72330,72331,72332,72333,72334,72335,72336,72426,72427,72428,72429,72430,72431,72432,72433,72434,72435,72436,72526,72527,72528,72529,72530,72531,72532,72533,72534,72535,72536,72626,72627,72628,72629,72630,72631,72632,72633,72634,72635,72636,83011,83012,83013,83014,83015,83016,83017,83111,83112,83113,83114,83115,83116,83117,83211,83212,83213,83214,83215,83216,83217,83311,83312,83313,83314,83315,83316,83317,83411,83412,83413,83414,83415,83416,83417,83511,83512,83513,83514,83515,83516,83517,83611,83612,83613,83614,83615,83616,83617,93911,93912,93913,93914,93915,93916,93917,93918,93919,94011,94012,94013,94014,94015,94016,94017,94018,94019,94111,94112,94113,94114,94115,94116,94117,94118,94119,94211,94212,94213,94214,94215,94216,94217,94218,94219,94311,94312,94313,94314,94315,94316,94317,94318,94319,94411,94412,94413,94414,94415,94416,94417,94418,94419,94511,94512,94513,94514,94515,94516,94517,94518,94519,94611,94612,94613,94614,94615,94616,94617,94618,94619,94711,94712,94713,94714,94715,94716,94717,94718,94719,104711,104712,104713,104714,104715,104716,104717,104718,104719,104720,104721,104811,104812,104813,104814,104815,104816,104817,104818,104819,104820,104821,104910,104911,104912,104913,104914,104915,104916,104917,104918,104919,104920,104921,105010,105011,105012,105013,105014,105015,105016,105017,105018,105019,105020,105021,105111,105112,105113,105114,105115,105116,105117,105118,105119,105120,105121,105210,105211,105212,105213,105214,105215,105216,105217,105218,105219,105220,105221,105310,105311,105312,105313,105314,105315,105316,105317,105318,105319,105320,105321,105411,105412,105413,105414,105415,105416,105417,105418,105419,105420,105421,105510,105511,105512,105513,105514,105515,105516,105517,105518,105519,105520,105521,105611,105612,105613,105614,105615,105616,105617,105618,105619,105620,105621,105710,105711,105712,105713,105714,105715,105716,105717,105718,105719,105720,105721
4,7,51229,51230,51231,51232,51233,51234,51235,51236,51237,51329,51330,51331,51332,51333,51334,51335,51336,51337,51338,51429,51430,51431,51432,51433,51434,51435,51436,51437,61826,61827,61828,61829,61830,61831,61832,61833,61834,61835,61926,61927,61928,61929,61930,61931,61932,61933,61934,61935,62026,62027,62028,62029,62030,62031,62032,62033,62034,62035,62126,62127,62128,62129,62130,62131,62132,62133,62134,62135,72526,72527,72528,72529,72530,72531,72532,72533,72534,72535,72536,72626,72627,72628,72629,72630,72631,72632,72633,72634,72635,72636,72726,72727,72728,72729,72730,72731,72732,72733,72734,72735,72736,72826,72827,72828,72829,72830,72831,72832,72833,72834,72835,72836,72926,72927,72928,72929,72930,72931,72932,72933,72934,72935,72936,73026,73027,73028,73029,73030,73031,73032,73033,73034,73035,73036,83611,83612,83613,83614,83615,83616,83617,83711,83712,83713,83714,83715,83716,83717,83811,83812,83813,83814,83815,83816,83817,83911,83912,83913,83914,83915,83916,83917,84011,84012,84013,84014,84015,84016,84017,84111,84112,84113,84114,84115,84116,84117,84211,84212,84213,84214,84215,84216,84217,94612,94613,94614,94615,94616,94617,94618,94711,94712,94713,94714,94715,94716,94717,94718,94719,94811,94812,94813,94814,94815,94816,94817,94818,94819,94911,94912,94913,94914,94915,94916,94917,94918,94919,95011,95012,95013,95014,95015,95016,95017,95018,95019,95111,95112,95113,95114,95115,95116,95117,95118,95119,95211,95212,95213,95214,95215,95216,95217,95218,95219,95311,95312,95313,95314,95315,95316,95317,95318,95319,95411,95412,95413,95414,95415,95416,95417,95418,95419,105710,105711,105712,105713,105714,105715,105716,105717,105718,105719,105720,105721,105810,105811,105812,105813,105814,105815,105816,105817,105818,105819,105820,105821,105910,105911,105912,105913,105914,105915,105916,105917,105918,105919,105920,105921,106011,106012,106013,106014,106015,106016,106017,106018,106019,106020,106021,106110,106111,106112,106113,106114,106115,106116,106117,106118,106119,106120,106121,106211,106212,106213,106214,106215,106216,106217,106218,106219,106220,106221,106310,106311,106312,106313,106314,106315,106316,106317,106318,106319,106320,106321,106411,106412,106413,106414,106415,106416,106417,106418,106419,106420,106421,106510,106511,106512,106513,106514,106515,106516,106517,106518,106519,106520,106521,106522,106610,106611,106612,106613,106614,106615,106616,106617,106618,106619,106620,106621,106711,106712,106713,106714,106715,106716,106717,106718,106719,106720,106721
4,8,50029,50030,50031,50032,50033,50034,50035,50036,50037,51429,51430,51431,51432,51433,51434,51435,51436,51437,51529,51530,51531,51532,51533,51534,51535,51536,51537,51538,60026,60027,60028,60029,60030,60031,60032,60033,60034,60035,62126,62127,62128,62129,62130,62131,62132,62133,62134,62135,62226,62227,62228,62229,62230,62231,62232,62233,62234,62235,62326,62327,62328,62329,62330,62331,62332,62333,62334,62335,70026,70027,70028,70029,70030,70031,70032,70033,70034,70035,70036,72926,72927,72928,72929,72930,72931,72932,72933,72934,72935,72936,73026,73027,73028,73029,73030,73031,73032,73033,73034,73035,73036,73126,73127,73128,73129,73130,73131,73132,73133,73134,73135,73136,73137,73226,73227,73228,73229,73230,73231,73232,73233,73234,73235,73236,73326,73327,73328,73329,73330,73331,73332,73333,73334,73335,73336,80011,80012,80013,80014,80015,80016,80017,84211,84212,84213,84214,84215,84216,84217,84311,84312,84313,84314,84315,84316,84317,84411,84412,84413,84414,84415,84416,84417,84511,84512,84513,84514,84515,84516,84517,84611,84612,84613,84614,84615,84616,84617,84711,84712,84713,84714,84715,84716,84717,90011,90012,90013,90014,90015,90016,90017,90018,90019,95411,95412,95413,95414,95415,95416,95417,95418,95419,95511,95512,95513,95514,95515,95516,95517,95518,95519,95611,95612,95613,95614,95615,95616,95617,95618,95619,95711,95712,95713,95714,95715,95716,95717,95718,95719,95811,95812,95813,95814,95815,95816,95817,95818,95819,95911,95912,95913,95914,95915,95916,95917,95918,95919,96011,96012,96013,96014,96015,96016,96017,96018,96019,96111,96112,96113,96114,96115,96116,96117,96118,96119,100011,100012,100013,100014,100015,100016,100017,100018,100019,100020,100021,100115,106611,106612,106613,106614,106615,106616,106617,106618,106619,106620,106621,106711,106712,106713,106714,106715,106716,106717,106718,106719,106720,106721,106811,106812,106813,106814,106815,106816,106817,106818,106819,106820,106821,106910,106911,106912,106913,106914,106915,106916,106917,106918,106919,106920,106921,107011,107012,107013,107014,107015,107016,107017,107018,107019,107020,107021,107110,107111,107112,107113,107114,107115,107116,107117,107118,107119,107120,107121,107211,107212,107213,107214,107215,107216,107217,107218,107219,107220,107221,107311,107312,107313,107314,107315,107316,107317,107318,107319,107320,107321,107410,107411,107412,107413,107414,107415,107416,107417,107418,107419,107420,107421,107510,107511,107512,107513,107514,107515,107516,107517,107518,107519,107520,107521
5,1,50034,50035,50036,50037,50038,50039,50040,50041,50042,50043,50044,50133,50134,50135,50136,50137,50138,50139,50140,50141,50142,50143,50144,50145,50233,50234,50235,50236,50237,50238,50239,50240,50241,50242,50243,50244,60032,60033,60034,60035,60036,60037,60038,60039,60040,60041,60042,60043,60044,60045,60132,60133,60134,60135,60136,60137,60138,60139,60140,60141,60142,60143,60144,60145,60146,60232,60233,60234,60235,60236,60237,60238,60239,60240,60241,60242,60243,60244,60245,60332,60333,60334,60335,60336,60337,60338,60339,60340,60341,60342,60343,60344,60345,60346,70035,70036,70037,70038,70039,70040,70041,70042,70043,70044,70045,70046,70047,70048,70049,70050,70051,70136,70137,70138,70139,70140,70141,70142,70143,70144,70145,70146,70147,70148,70149,70150,70151,70152,70235,70236,70237,70238,70239,70240,70241,70242,70243,70244,70245,70246,70247,70248,70249,70250,70251,70336,70337,70338,70339,70340,70341,70342,70343,70344,70345,70346,70347,70348,70349,70350,70351,70352,70435,70436,70437,70438,70439,70440,70441,70442,70443,70444,70445,70446,70447,70448,70449,70450,70451,70536,70537,70538,70539,70540,70541,70542,70543,70544,70545,70546,70547,70548,70549,70550,70551,70552,80017,80018,80019,80020,80021,80022,80023,80117,80118,80119,80120,80121,80122,80123,80217,80218,80219,80220,80221,80222,80223,80317,80318,80319,80320,80321,80322,80323,80417,80418,80419,80420,80421,80422,80423,80517,80518,80519,80520,80521,80522,80523,80617,80618,80619,80620,80621,80622,80623,90018,90019,90020,90021,90022,90023,90118,90119,90120,90121,90122,90123,90218,90219,90220,90221,90222,90223,90318,90319,90320,90321,90322,90323,90418,90419,90420,90421,90422,90423,90518,90519,90520,90521,90522,90523,90618,90619,90620,90621,90622,90623,90718,90719,90720,90721,90722,90723,90818,90819,90820,90821,90822,90823,100019,100020,100021,100022,100023,100119,100120,100121,100122,100123,100219,100220,100221,100222,100223,100319,100320,100321,100322,100323,100419,100420,100421,100422,100423,100519,100520,100521,100522,100523,100619,100620,100621,100622,100623,100719,100720,100721,100722,100723,100819,100820,100821,100822,100823,100919,100920,100921,100922,100923,101019,101020,101021,101022,101023,110900,110901,110902,110903,110904,110905,110906,110951,111000,111001,111002,111003,111004,111005,111006,111055,111100,111101,111102,111103,111104,111105,111106,111107,111163,111200,111201,111202,111203,111204,111205,111206,111207,111208,111267,111300,111301,111302,111303,111304,111305,111306,111307,111308,111309,111375,111400,111401,111402,111403,111404,111405,111406,111407,111408,111409,111479,121000,121001,121002,121003,121004,121005,121006,121055,121100,121101,121102,121103,121104,121105,121106,121107,121163,121200,121201,121202,121203,121204,121205,121206,121207,121208,121267,121300,121301,121302,121303,121304,121305,121306,121307,121308,121309,121375,121400,121401,121402,121403,121404,121405,121406,121407,121408,121409,121479,131200,131201,131202,131203,131204,131205,131206,131207,131208,131267,131300,131301,131302,131303,131304,131305,131306,131307,131308,131309,131375,131400,131401,131402,131403,131404,131405,131406,131407,131408,131409,131410,131479,141302,141304,141306,141308,141400,141401,141402,141403,141404,141405,141406,141407,141408,141409,141410,141478,141479
5,2,50234,50235,50236,50237,50238,50239,50240,50241,50242,50243,50244,50333,50334,50335,50336,50337,50338,50339,50340,50341,50342,50343,50344,50345,50433,50434,50435,50436,50437,50438,50439,50440,50441,50442,50443,50444,60333,60334,60335,60336,60337,60338,60339,60340,60341,60342,60343,60344,60345,60346,60432,60433,60434,60435,60436,60437,60438,60439,60440,60441,60442,60443,60444,60445,60533,60534,60535,60536,60537,60538,60539,60540,60541,60542,60543,60544,60545,60546,60632,60633,60634,60635,60636,60637,60638,60639,60640,60641,60642,60643,60644,60645,70435,70436,70437,70438,70439,70440,70441,70442,70443,70444,70445,70446,70447,70448,70449,70450,70451,70536,70537,70538,70539,70540,70541,70542,70543,70544,70545,70546,70547,70548,70549,70550,70551,70552,70635,70636,70637,70638,70639,70640,70641,70642,70643,70644,70645,70646,70647,70648,70649,70650,70651,70736,70737,70738,70739,70740,70741,70742,70743,70744,70745,70746,70747,70748,70749,70750,70751,70752,70835,70836,70837,70838,70839,70840,70841,70842,70843,70844,70845,70846,70847,70848,70849,70850,70851,70936,70937,70938,70939,70940,70941,70942,70943,70944,70945,70946,70947,70948,70949,70950,70951,70952,80617,80618,80619,80620,80621,80622,80623,80717,80718,80719,80720,80721,80722,80723,80817,80818,80819,80820,80821,80822,80823,80917,80918,80919,80920,80921,80922,80923,81017,81018,81019,81020,81021,81022,81023,81117,81118,81119,81120,81121,81122,81123,81217,81218,81219,81220,81221,81222,81223,90818,90819,90820,90821,90822,90823,90918,90919,90920,90921,90922,90923,91018,91019,91020,91021,91022,91023,91118,91119,91120,91121,91122,91123,91218,91219,91220,91221,91222,91223,91318,91319,91320,91321,91322,91323,91418,91419,91420,91421,91422,91423,91518,91519,91520,91521,91522,91523,91618,91619,91620,91621,91622,91623,100920,100921,100922,100923,101019,101020,101021,101022,101023,101119,101120,101121,101122,101123,101219,101220,101221,101222,101223,101319,101320,101321,101322,101323,101419,101420,101421,101422,101423,101519,101520,101521,101522,101523,101619,101620,101621,101622,101623,101719,101720,101721,101722,101723,101819,101820,101821,101822,101823,101919,101920,101921,101922,101923,110905,110906,110907,110908,110909,110910,110911,110912,111005,111006,111007,111008,111009,111010,111011,111012,111013,111107,111108,111109,111110,111111,111112,111113,111114,111115,111207,111208,111209,111210,111211,111212,111213,111214,111215,111216,111308,111309,111310,111311,111312,111313,111314,111315,111316,111317,111318,111408,111409,111410,111411,111412,111413,111414,111415,111416,111417,111418,111419,121006,121007,121008,121009,121010,121011,121012,121013,121107,121108,121109,121110,121111,121112,121113,121114,121115,121207,121208,121209,121210,121211,121212,121213,121214,121215,121216,121308,121309,121310,121311,121312,121313,121314,121315,121316,121317,121318,121409,121410,121411,121412,121413,121414,121415,121416,121417,121418,121419,131207,131208,131209,131210,131211,131212,131213,131214,131215,131216,131308,131309,131310,131311,131312,131313,131314,131315,131316,131317,131318,131409,131410,131411,131412,131413,131414,131415,131416,131417,131418,131419,141310,141312,141409,141410,141411,141412,141413,141414,141415,141416,141417,141418,141419
5,3,50434,50435,50436,50437,50438,50439,50440,50441,50442,50443,50444,50533,50534,50535,50536,50537,50538,50539,50540,50541,50542,50543,50544,50545,50634,50635,50636,50637,50638,50639,50640,50641,50642,50643,50644,60632,60633,60634,60635,60636,60637,60638,60639,60640,60641,60642,60643,60644,60645,60733,60734,60735,60736,60737,60738,60739,60740,60741,60742,60743,60744,60745,60746,60832,60833,60834,60835,60836,60837,60838,60839,60840,60841,60842,60843,60844,60845,60933,60934,60935,60936,60937,60938,60939,60940,60941,60942,60943,60944,60945,60946,70835,70836,70837,70838,70839,70840,70841,70842,70843,70844,70845,70846,70847,70848,70849,70850,70851,70936,70937,70938,70939,70940,70941,70942,70943,70944,70945,70946,70947,70948,70949,70950,70951,70952,71035,71036,71037,71038,71039,71040,71041,71042,71043,71044,71045,71046,71047,71048,71049,71050,71051,71136,71137,71138,71139,71140,71141,71142,71143,71144,71145,71146,71147,71148,71149,71150,71151,71152,71235,71236,71237,71238,71239,71240,71241,71242,71243,71244,71245,71246,71247,71248,71249,71250,71251,71336,71337,71338,71339,71340,71341,71342,71343,71344,71345,71346,71347,71348,71349,71350,71351,71352,81217,81218,81219,81220,81221,81222,81223,81317,81318,81319,81320,81321,81322,81323,81417,81418,81419,81420,81421,81422,81423,81517,81518,81519,81520,81521,81522,81523,81617,81618,81619,81620,81621,81622,81623,81717,81718,81719,81720,81721,81722,81723,81817,81818,81819,81820,81821,81822,81823,91519,91520,91521,91522,91523,91618,91619,91620,91621,91622,91623,91718,91719,91720,91721,91722,91723,91818,91819,91820,91821,91822,91823,91918,91919,91920,91921,91922,91923,92018,92019,92020,92021,92022,92023,92118,92119,92120,92121,92122,92123,92218,92219,92220,92221,92222,92223,92318,92319,92320,92321,92322,92323,101919,101920,101921,101922,101923,102019,102020,102021,102022,102023,102119,102120,102121,102122,102123,102219,102220,102221,102222,102223,102319,102320,102321,102322,102323,102419,102420,102421,102422,102423,102519,102520,102521,102522,102523,102619,102620,102621,102622,102623,102719,102720,102721,102722,102723,102819,102820,102821,102822,102823,102919,102920,102921,102922,102923,110912,110913,110914,110915,110916,110917,110918,110919,111013,111014,111015,111016,111017,111018,111019,111020,111115,111116,111117,111118,111119,111120,111121,111122,111123,111216,111217,111218,111219,111220,111221,111222,111223,111224,111225,111318,111319,111320,111321,111322,111323,111324,111325,111326,111327,111328,111419,111420,111421,111422,111423,111424,111425,111426,111427,111428,111429,111430,121013,121014,121015,121016,121017,121018,121019,121020,121115,121116,121117,121118,121119,121120,121121,121122,121123,121216,121217,121218,121219,121220,121221,121222,121223,121224,121225,121318,121319,121320,121321,121322,121323,121324,121325,121326,121327,121328,121418,121419,121420,121421,121422,121423,121424,121425,121426,121427,121428,121429,131216,131217,131218,131219,131220,131221,131222,131223,131224,131225,131318,131319,131320,131321,131322,131323,131324,131325,131326,131327,131328,131419,131420,131421,131422,131423,131424,131425,131426,131427,131428,131429,141324,141326,141419,141420,141421,141422,141423,141424,141425,141426,141427,141428,141429
5,4,50634,50635,50636,50637,50638,50639,50640,50641,50642,50643,50644,50733,50734,50735,50736,50737,50738,50739,50740,50741,50742,50743,50744,50745,50834,50835,50836,50837,50838,50839,50840,50841,50842,50843,50844,60933,60934,60935,60936,60937,60938,60939,60940,60941,60942,60943,60944,60945,60946,61032,61033,61034,61035,61036,61037,61038,61039,61040,61041,61042,61043,61044,61045,61133,61134,61135,61136,61137,61138,61139,61140,61141,61142,61143,61144,61145,61146,61232,61233,61234,61235,61236,61237,61238,61239,61240,61241,61242,61243,61244,61245,71236,71237,71238,71239,71240,71241,71242,71243,71244,71245,71246,71247,71248,71249,71250,71251,71336,71337,71338,71339,71340,71341,71342,71343,71344,71345,71346,71347,71348,71349,71350,71351,71352,71435,71436,71437,71438,71439,71440,71441,71442,71443,71444,71445,71446,71447,71448,71449,71450,71451,71536,71537,71538,71539,71540,71541,71542,71543,71544,71545,71546,71547,71548,71549,71550,71551,71552,71635,71636,71637,71638,71639,71640,71641,71642,71643,71644,71645,71646,71647,71648,71649,71650,71651,71736,71737,71738,71739,71740,71741,71742,71743,71744,71745,71746,71747,71748,71749,71750,71751,71752,81817,81818,81819,81820,81821,81822,81823,81917,81918,81919,81920,81921,81922,81923,82017,82018,82019,82020,82021,82022,82023,82117,82118,82119,82120,82121,82122,82123,82217,82218,82219,82220,82221,82222,82223,82317,82318,82319,82320,82321,82322,82323,82417,82418,82419,82420,82421,82422,82423,92318,92319,92320,92321,92322,92323,92418,92419,92420,92421,92422,92423,92518,92519,92520,92521,92522,92523,92618,92619,92620,92621,92622,92623,92718,92719,92720,92721,92722,92723,92818,92819,92820,92821,92822,92823,92918,92919,92920,92921,92922,92923,93018,93019,93020,93021,93022,93023,93118,93119,93120,93121,93122,93123,102820,102821,102822,102823,102919,102920,102921,102922,102923,103019,103020,103021,103022,103023,103119,103120,103121,103122,103123,103219,103220,103221,103222,103223,103319,103320,103321,103322,103323,103419,103420,103421,103422,103423,103519,103520,103521,103522,103523,103619,103620,103621,103622,103623,103719,103720,103721,103722,103723,103819,103820,103821,103822,103823,110918,110919,110920,110921,110922,110923,110924,110925,111020,111021,111022,111023,111024,111025,111026,111027,111123,111124,111125,111126,111127,111128,111129,111130,111131,111224,111225,111226,111227,111228,111229,111230,111231,111232,111233,111327,111328,111329,111330,111331,111332,111333,111334,111335,111336,111337,111429,111430,111431,111432,111433,111434,111435,111436,111437,111438,111439,121020,121021,121022,121023,121024,121025,121026,121027,121123,121124,121125,121126,121127,121128,121129,121130,121131,121224,121225,121226,121227,121228,121229,121230,121231,121232,121233,121327,121328,121329,121330,121331,121332,121333,121334,121335,121336,121337,121429,121430,121431,121432,121433,121434,121435,121436,121437,121438,121439,131224,131225,131226,131227,131228,131229,131230,131231,131232,131233,131327,131328,131329,131330,131331,131332,131333,131334,131335,131336,131337,131429,131430,131431,131432,131433,131434,131435,131436,131437,131438,131439,141328,141330,141332,141334,141336,141429,141430,141431,141432,141433,141434,141435,141436,141437,141438,141439
5,5,50834,50835,50836,50837,50838,50839,50840,50841,50842,50843,50844,50933,50934,50935,50936,50937,50938,50939,50940,50941,50942,50943,50944,50945,51034,51035,51036,51037,51038,51039,51040,51041,51042,51043,51044,61232,61233,61234,61235,61236,61237,61238,61239,61240,61241,61242,61243,61244,61245,61333,61334,61335,61336,61337,61338,61339,61340,61341,61342,61343,61344,61345,61346,61432,61433,61434,61435,61436,61437,61438,61439,61440,61441,61442,61443,61444,61445,61533,61534,61535,61536,61537,61538,61539,61540,61541,61542,61543,61544,61545,61546,71736,71737,71738,71739,71740,71741,71742,71743,71744,71745,71746,71747,71748,71749,71750,71751,71752,71835,71836,71837,71838,71839,71840,71841,71842,71843,71844,71845,71846,71847,71848,71849,71850,71851,71936,71937,71938,71939,71940,71941,71942,71943,71944,71945,71946,71947,71948,71949,71950,71951,71952,72035,72036,72037,72038,72039,72040,72041,72042,72043,72044,72045,72046,72047,72048,72049,72050,72051,72136,72137,72138,72139,72140,72141,72142,72143,72144,72145,72146,72147,72148,72149,72150,72151,72152,72236,72237,72238,72239,72240,72241,72242,72243,72244,72245,72246,72247,72248,72249,72250,72251,82417,82418,82419,82420,82421,82422,82423,82517,82518,82519,82520,82521,82522,82523,82617,82618,82619,82620,82621,82622,82623,82717,82718,82719,82720,82721,82722,82723,82817,82818,82819,82820,82821,82822,82823,82917,82918,82919,82920,82921,82922,82923,83017,83018,83019,83020,83021,83022,83023,93118,93119,93120,93121,93122,93123,93218,93219,93220,93221,93222,93223,93318,93319,93320,93321,93322,93323,93418,93419,93420,93421,93422,93423,93518,93519,93520,93521,93522,93523,93618,93619,93620,93621,93622,93623,93718,93719,93720,93721,93722,93723,93818,93819,93820,93821,93822,93823,93918,93919,93920,93921,93922,93923,103819,103820,103821,103822,103823,103919,103920,103921,103922,103923,104019,104020,104021,104022,104023,104119,104120,104121,104122,104123,104219,104220,104221,104222,104223,104319,104320,104321,104322,104323,104419,104420,104421,104422,104423,104519,104520,104521,104522,104523,104619,104620,104621,104622,104623,104719,104720,104721,104722,104723,104819,104820,104821,104822,104823,110925,110926,110927,110928,110929,110930,110931,110932,111027,111028,111029,111030,111031,111032,111033,111034,111131,111132,111133,111134,111135,111136,111137,111138,111139,111233,111234,111235,111236,111237,111238,111239,111240,111241,111242,111337,111338,111339,111340,111341,111342,111343,111344,111345,111346,111347,111439,111440,111441,111442,111443,111444,111445,111446,111447,111448,111449,111450,121027,121028,121029,121030,121031,121032,121033,121034,121131,121132,121133,121134,121135,121136,121137,121138,121139,121233,121234,121235,121236,121237,121238,121239,121240,121241,121242,121337,121338,121339,121340,121341,121342,121343,121344,121345,121346,121347,121439,121440,121441,121442,121443,121444,121445,121446,121447,121448,121449,131136,131233,131234,131235,131236,131237,131238,131239,131240,131241,131242,131337,131338,131339,131340,131341,131342,131343,131344,131345,131346,131347,131439,131440,131441,131442,131443,131444,131445,131446,131447,131448,131449,141338,141340,141342,141344,141439,141440,141441,141442,141443,141444,141445,141446,141447,141448,141449
5,6,51034,51035,51036,51037,51038,51039,51040,51041,51042,51043,51044,51133,51134,51135,51136,51137,51138,51139,51140,51141,51142,51143,51144,51145,51234,51235,51236,51237,51238,51239,51240,51241,51242,51243,51244,61533,61534,61535,61536,61537,61538,61539,61540,61541,61542,61543,61544,61545,61546,61632,61633,61634,61635,61636,61637,61638,61639,61640,61641,61642,61643,61644,61645,61732,61733,61734,61735,61736,61737,61738,61739,61740,61741,61742,61743,61744,61745,61746,61832,61833,61834,61835,61836,61837,61838,61839,61840,61841,61842,61843,61844,61845,72136,72137,72138,72139,72140,72141,72142,72143,72144,72145,72146,72147,72148,72149,72150,72151,72152,72235,72236,72237,72238,72239,72240,72241,72242,72243,72244,72245,72246,72247,72248,72249,72250,72251,72336,72337,72338,72339,72340,72341,72342,72343,72344,72345,72346,72347,72348,72349,72350,72351,72352,72435,72436,72437,72438,72439,72440,72441,72442,72443,72444,72445,72446,72447,72448,72449,72450,72451,72536,72537,72538,72539,72540,72541,72542,72543,72544,72545,72546,72547,72548,72549,72550,72551,72552,72635,72636,72637,72638,72639,72640,72641,72642,72643,72644,72645,72646,72647,72648,72649,72650,72651,83017,83018,83019,83020,83021,83022,83023,83117,83118,83119,83120,83121,83122,83123,83217,83218,83219,83220,83221,83222,83223,83317,83318,83319,83320,83321,83322,83323,83417,83418,83419,83420,83421,83422,83423,83517,83518,83519,83520,83521,83522,83523,83617,83618,83619,83620,83621,83622,83623,93918,93919,93920,93921,93922,93923,94018,94019,94020,94021,94022,94023,94118,94119,94120,94121,94122,94123,94218,94219,94220,94221,94222,94223,94318,94319,94320,94321,94322,94323,94418,94419,94420,94421,94422,94423,94518,94519,94520,94521,94522,94523,94618,94619,94620,94621,94622,94623,94719,94720,94721,94722,94723,104719,104720,104721,104722,104723,104819,104820,104821,104822,104823,104919,104920,104921,104922,104923,105019,105020,105021,105022,105023,105119,105120,105121,105122,105123,105219,105220,105221,105222,105223,105319,105320,105321,105322,105323,105419,105420,105421,105422,105423,105519,105520,105521,105522,105523,105619,105620,105621,105622,105623,105719,105720,105721,105722,105723,110931,110932,110933,110934,110935,110936,110937,110938,111034,111035,111036,111037,111038,111039,111040,111041,111139,111140,111141,111142,111143,111144,111145,111146,111147,111241,111242,111243,111244,111245,111246,111247,111248,111249,111250,111346,111347,111348,111349,111350,111351,111352,111353,111354,111355,111356,111449,111450,111451,111452,111453,111454,111455,111456,111457,111458,111459,121034,121035,121036,121037,121038,121039,121040,121041,121139,121140,121141,121142,121143,121144,121145,121146,121147,121241,121242,121243,121244,121245,121246,121247,121248,121249,121250,121346,121347,121348,121349,121350,121351,121352,121353,121354,121355,121356,121449,121450,121451,121452,121453,121454,121455,121456,121457,121458,121459,131241,131242,131243,131244,131245,131246,131247,131248,131249,131250,131346,131347,131348,131349,131350,131351,131352,131353,131354,131355,131356,131449,131450,131451,131452,131453,131454,131455,131456,131457,131458,131459,141348,141352,141449,141450,141451,141452,141453,141454,141455,141456,141457,141458,141459
5,7,51234,51235,51236,51237,51238,51239,51240,51241,51242,51243,51244,51333,51334,51335,51336,51337,51338,51339,51340,51341,51342,51343,51344,51345,51434,51435,51436,51437,51438,51439,51440,51441,51442,51443,51444,61832,61833,61834,61835,61836,61837,61838,61839,61840,61841,61842,61843,61844,61845,61933,61934,61935,61936,61937,61938,61939,61940,61941,61942,61943,61944,61945,61946,62032,62033,62034,62035,62036,62037,62038,62039,62040,62041,62042,62043,62044,62045,62133,62134,62135,62136,62137,62138,62139,62140,62141,62142,62143,62144,62145,62146,72536,72537,72538,72539,72540,72541,72542,72543,72544,72545,72546,72547,72548,72549,72550,72551,72552,72635,72636,72637,72638,72639,72640,72641,72642,72643,72644,72645,72646,72647,72648,72649,72650,72651,72736,72737,72738,72739,72740,72741,72742,72743,72744,72745,72746,72747,72748,72749,72750,72751,72752,72835,72836,72837,72838,72839,72840,72841,72842,72843,72844,72845,72846,72847,72848,72849,72850,72851,72936,72937,72938,72939,72940,72941,72942,72943,72944,72945,72946,72947,72948,72949,72950,72951,72952,73035,73036,73037,73038,73039,73040,73041,73042,73043,73044,73045,73046,73047,73048,73049,73050,73051,83617,83618,83619,83620,83621,83622,83623,83717,83718,83719,83720,83721,83722,83723,83817,83818,83819,83820,83821,83822,83823,83917,83918,83919,83920,83921,83922,83923,84017,84018,84019,84020,84021,84022,84023,84117,84118,84119,84120,84121,84122,84123,84217,84218,84219,84220,84221,84222,84223,94618,94619,94620,94621,94622,94623,94718,94719,94720,94721,94722,94723,94818,94819,94820,94821,94822,94823,94918,94919,94920,94921,94922,94923,95018,95019,95020,95021,95022,95023,95118,95119,95120,95121,95122,95123,95218,95219,95220,95221,95222,95223,95318,95319,95320,95321,95322,95323,95418,95419,95420,95421,95422,95423,105719,105720,105721,105722,105723,105819,105820,105821,105822,105823,105919,105920,105921,105922,105923,106019,106020,106021,106022,106023,106119,106120,106121,106122,106123,106219,106220,106221,106222,106223,106319,106320,106321,106322,106323,106419,106420,106421,106422,106423,106519,106520,106521,106522,106523,106619,106620,106621,106622,106623,106720,106721,106722,106723,110938,110939,110940,110941,110942,110943,110944,110945,111041,111042,111043,111044,111045,111046,111047,111048,111147,111148,111149,111150,111151,111152,111153,111154,111155,111250,111251,111252,111253,111254,111255,111256,111257,111258,111259,111356,111357,111358,111359,111360,111361,111362,111363,111364,111365,111366,111459,111460,111461,111462,111463,111464,111465,111466,111467,111468,111469,111470,121041,121042,121043,121044,121045,121046,121047,121048,121147,121148,121149,121150,121151,121152,121153,121154,121155,121250,121251,121252,121253,121254,121255,121256,121257,121258,121259,121356,121357,121358,121359,121360,121361,121362,121363,121364,121365,121366,121459,121460,121461,121462,121463,121464,121465,121466,121467,121468,121469,121470,131250,131251,131252,131253,131254,131255,131256,131257,131258,131259,131356,131357,131358,131359,131360,131361,131362,131363,131364,131365,131366,131459,131460,131461,131462,131463,131464,131465,131466,131467,131468,131469,131470,141360,141362,141364,141459,141460,141461,141462,141463,141464,141465,141466,141467,141468,141469
5,8,50034,50035,50036,50037,50038,50039,50040,50041,50042,50043,50044,51434,51435,51436,51437,51438,51439,51440,51441,51442,51443,51444,51533,51534,51535,51536,51537,51538,51539,51540,51541,51542,51543,51544,51545,60032,60033,60034,60035,60036,60037,60038,60039,60040,60041,60042,60043,60044,60045,62132,62133,62134,62135,62136,62137,62138,62139,62140,62141,62142,62143,62144,62145,62146,62232,62233,62234,62235,62236,62237,62238,62239,62240,62241,62242,62243,62244,62245,62333,62334,62335,62336,62337,62338,62339,62340,62341,62342,62343,62344,62345,62346,70035,70036,70037,70038,70039,70040,70041,70042,70043,70044,70045,70046,70047,70048,70049,70050,70051,72936,72937,72938,72939,72940,72941,72942,72943,72944,72945,72946,72947,72948,72949,72950,72951,72952,73035,73036,73037,73038,73039,73040,73041,73042,73043,73044,73045,73046,73047,73048,73049,73050,73051,73136,73137,73138,73139,73140,73141,73142,73143,73144,73145,73146,73147,73148,73149,73150,73151,73152,73235,73236,73237,73238,73239,73240,73241,73242,73243,73244,73245,73246,73247,73248,73249,73250,73251,73336,73337,73338,73339,73340,73341,73342,73343,73344,73345,73346,73347,73348,73349,73350,73351,73352,80017,80018,80019,80020,80021,80022,80023,84217,84218,84219,84220,84221,84222,84223,84317,84318,84319,84320,84321,84322,84323,84417,84418,84419,84420,84421,84422,84423,84517,84518,84519,84520,84521,84522,84523,84617,84618,84619,84620,84621,84622,84623,84717,84718,84719,84720,84721,84722,84723,90018,90019,90020,90021,90022,90023,95418,95419,95420,95421,95422,95423,95518,95519,95520,95521,95522,95523,95618,95619,95620,95621,95622,95623,95718,95719,95720,95721,95722,95723,95818,95819,95820,95821,95822,95823,95918,95919,95920,95921,95922,95923,96018,96019,96020,96021,96022,96023,96118,96119,96120,96121,96122,96123,100019,100020,100021,100022,100023,106619,106620,106621,106622,106623,106719,106720,106721,106722,106723,106819,106820,106821,106822,106823,106919,106920,106921,106922,106923,107019,107020,107021,107022,107023,107119,107120,107121,107122,107123,107219,107220,107221,107222,107223,107319,107320,107321,107322,107323,107419,107420,107421,107422,107423,107519,107520,107521,107522,107523,110944,110945,110946,110947,110948,110949,110950,110951,111048,111049,111050,111051,111052,111053,111054,111055,111155,111156,111157,111158,111159,111160,111161,111162,111163,111258,111259,111260,111261,111262,111263,111264,111265,111266,111267,111365,111366,111367,111368,111369,111370,111371,111372,111373,111374,111375,111400,111469,111470,111471,111472,111473,111474,111475,111476,111477,111478,111479,121048,121049,121050,121051,121052,121053,121054,121055,121155,121156,121157,121158,121159,121160,121161,121162,121163,121258,121259,121260,121261,121262,121263,121264,121265,121266,121267,121365,121366,121367,121368,121369,121370,121371,121372,121373,121374,121375,121469,121470,121471,121472,121473,121474,121475,121476,121477,121478,121479,131160,131258,131259,131260,131261,131262,131263,131264,131265,131266,131267,131365,131366,131367,131368,131369,131370,131371,131372,131373,131374,131375,131469,131470,131471,131472,131473,131474,131475,131476,131477,131478,131479,141366,141368,141370,141372,141374,141400,141469,141470,141471,141472,141473,141474,141475,141476,141477,141478,141479
6,1,50040,50041,50042,50043,50044,50045,50046,50047,50048,50049,50050,50051,50052,50053,50054,50055,50056,50057,50058,50059,50060,50141,50142,50143,50144,50145,50146,50147,50148,50149,50150,50151,50152,50153,50154,50155,50156,50157,50158,50159,50160,50161,50162,50240,50241,50242,50243,50244,50245,50246,50247,50248,50249,50250,50251,50252,50253,50254,50255,50256,50257,50258,50259,50260,60042,60043,60044,60045,60046,60047,60048,60049,60050,60051,60052,60053,60054,60143,60144,60145,60146,60147,60148,60149,60150,60151,60152,60153,60154,60242,60243,60244,60245,60246,60247,60248,60249,60250,60251,60252,60253,60254,60344,60345,60346,60347,60348,60349,60350,60351,60352,60353,60354,70050,70051,70052,70053,70151,70152,70153,70250,70251,70252,70253,70351,70352,70353,70450,70451,70452,70453,70551,70552,70553,110000,110001,110002,110019,110100,110101,110102,110122,110123,110200,110201,110202,110203,110227,110300,110301,110302,110303,110326,110327,110400,110401,110402,110403,110431,110500,110501,110502,110503,110504,110534,110535,110600,110601,110602,110603,110604,110635,110700,110701,110702,110703,110704,110738,110739,110800,110801,110802,110803,110804,110839,110900,110901,110902,110903,110904,110905,110906,110950,110951,120200,120201,120202,120203,120226,120227,120300,120301,120302,120303,120327,120400,120401,120402,120403,120431,120500,120501,120502,120503,120504,120534,120535,120600,120601,120602,120603,120604,120635,120700,120701,120702,120703,120704,120738,120739,120800,120801,120802,120803,120804,120839,120900,120901,120902,120903,120904,120905,120906,120950,120951,121000,121001,121002,121003,121004,121005,121006,121055,121100,121101,121102,121104,121106,130300,130302,130400,130401,130402,130403,130431,130500,130501,130502,130503,130504,130534,130535,130600,130601,130602,130603,130604,130635,130700,130701,130702,130703,130704,130739,130800,130801,130802,130803,130804,130839,130900,130901,130902,130903,130904,130905,130906,130950,130951,131000,131001,131002,131003,131004,131005,131006,131055,131100,131101,131102,131103,131104,131105,131106,131107,131163,131200,131201,131202,131203,131204,131205,131206,131207,131208,131267,131302,131306,140500,140502,140600,140601,140602,140603,140604,140635,140700,140701,140702,140703,140704,140738,140739,140800,140801,140802,140803,140804,140839,140900,140901,140902,140903,140904,140905,140906,140950,140951,141000,141001,141002,141003,141004,141005,141006,141055,141100,141101,141102,141103,141104,141105,141106,141107,141163,141200,141201,141202,141203,141204,141205,141206,141207,141208,141267,141300,141301,141302,141303,141304,141305,141306,141307,141308,141309,141375,141400,141401,141402,141403,141404,141405,141406,141407,141408,141409,141479,150800,150801,150802,150803,150804,150839,150900,150901,150902,150903,150904,150905,150906,150950,150951,151000,151001,151002,151003,151004,151005,151006,151055,151100,151101,151102,151103,151104,151105,151106,151107,151163,151200,151201,151202,151203,151204,151205,151206,151207,151208,151267,151300,151301,151302,151303,151304,151305,151306,151307,151308,151309,151375,151400,151401,151402,151403,151404,151405,151406,151407,151408,151409,151410,151479
6,2,50240,50241,50242,50243,50244,50245,50246,50247,50248,50249,50250,50251,50252,50253,50254,50255,50256,50257,50258,50259,50260,50341,50342,50343,50344,50345,50346,50347,50348,50349,50350,50351,50352,50353,50354,50355,50356,50357,50358,50359,50360,50361,50362,50440,50441,50442,50443,50444,50445,50446,50447,50448,50449,50450,50451,50452,50453,50454,50455,50456,50457,50458,50459,50460,60343,60344,60345,60346,60347,60348,60349,60350,60351,60352,60353,60354,60442,60443,60444,60445,60446,60447,60448,60449,60450,60451,60452,60453,60454,60543,60544,60545,60546,60547,60548,60549,60550,60551,60552,60553,60554,60642,60643,60644,60645,60646,60647,60648,60649,60650,60651,60652,60653,60654,70450,70451,70452,70453,70551,70552,70553,70650,70651,70652,70653,70751,70752,70753,70850,70851,70852,70853,70951,70952,70953,110001,110002,110003,110004,110102,110103,110104,110105,110106,110202,110203,110204,110205,110206,110207,110302,110303,110304,110305,110306,110403,110404,110405,110406,110407,110503,110504,110505,110506,110507,110508,110603,110604,110605,110606,110607,110608,110609,110704,110705,110706,110707,110708,110709,110710,110804,110805,110806,110807,110808,110809,110905,110906,110907,110908,110909,110910,110911,110912,120202,120203,120204,120205,120206,120207,120302,120303,120304,120305,120306,120403,120404,120405,120406,120407,120503,120504,120505,120506,120507,120508,120603,120604,120605,120606,120607,120608,120609,120704,120705,120706,120707,120708,120709,120710,120804,120805,120806,120807,120808,120809,120905,120906,120907,120908,120909,120910,120911,120912,121006,121007,121008,121009,121010,121011,121012,121013,121108,121110,121111,121112,121114,121115,130303,130304,130403,130404,130405,130406,130407,130503,130504,130505,130506,130507,130508,130603,130604,130605,130606,130607,130608,130704,130705,130706,130707,130708,130709,130804,130805,130806,130807,130808,130809,130905,130906,130907,130908,130909,130910,130911,130912,131005,131006,131007,131008,131009,131010,131011,131012,131013,131107,131108,131109,131110,131111,131112,131113,131114,131115,131207,131208,131209,131210,131211,131212,131213,131214,131215,131216,131314,140504,140506,140508,140603,140604,140605,140606,140607,140608,140704,140705,140706,140707,140708,140709,140710,140804,140805,140806,140807,140808,140809,140905,140906,140907,140908,140909,140910,140911,140912,141006,141007,141008,141009,141010,141011,141012,141013,141107,141108,141109,141110,141111,141112,141113,141114,141115,141207,141208,141209,141210,141211,141212,141213,141214,141215,141216,141308,141309,141310,141311,141312,141313,141314,141315,141316,141317,141318,141409,141410,141411,141412,141413,141414,141415,141416,141417,141418,141419,150705,150804,150805,150806,150807,150808,150809,150905,150906,150907,150908,150909,150910,150911,150912,151006,151007,151008,151009,151010,151011,151012,151013,151107,151108,151109,151110,151111,151112,151113,151114,151115,151207,151208,151209,151210,151211,151212,151213,151214,151215,151216,151308,151309,151310,151311,151312,151313,151314,151315,151316,151317,151318,151409,151410,151411,151412,151413,151414,151415,151416,151417,151418,151419
6,3,50440,50441,50442,50443,50444,50445,50446,50447,50448,50449,50450,50451,50452,50453,50454,50455,50456,50457,50458,50459,50460,50541,50542,50543,50544,50545,50546,50547,50548,50549,50550,50551,50552,50553,50554,50555,50556,50557,50558,50559,50560,50561,50562,50640,50641,50642,50643,50644,50645,50646,50647,50648,50649,50650,50651,50652,50653,50654,50655,50656,50657,50658,50659,50660,50661,60642,60643,60644,60645,60646,60647,60648,60649,60650,60651,60652,60653,60654,60743,60744,60745,60746,60747,60748,60749,60750,60751,60752,60753,60754,60842,60843,60844,60845,60846,60847,60848,60849,60850,60851,60852,60853,60854,60944,60945,60946,60947,60948,60949,60950,60951,60952,60953,60954,70850,70851,70852,70853,70951,70952,70953,71050,71051,71052,71053,71151,71152,71153,71250,71251,71252,71253,71351,71352,71353,110004,110005,110006,110007,110104,110105,110106,110107,110108,110205,110206,110207,110208,110209,110210,110306,110307,110308,110309,110310,110407,110408,110409,110410,110411,110508,110509,110510,110511,110512,110513,110607,110608,110609,110610,110611,110612,110613,110708,110709,110710,110711,110712,110713,110714,110809,110810,110811,110812,110813,110814,110912,110913,110914,110915,110916,110917,110918,110919,120106,120205,120206,120207,120208,120209,120210,120306,120307,120308,120309,120310,120407,120408,120409,120410,120411,120508,120509,120510,120511,120512,120513,120607,120608,120609,120610,120611,120612,120613,120708,120709,120710,120711,120712,120713,120714,120809,120810,120811,120812,120813,120814,120912,120913,120914,120915,120916,120917,120918,120919,121013,121014,121015,121016,121017,121018,121019,121020,121115,121116,121117,121118,121119,121120,121122,130308,130407,130408,130409,130410,130411,130508,130509,130510,130511,130512,130513,130608,130609,130610,130611,130612,130613,130708,130709,130710,130711,130712,130713,130714,130809,130810,130811,130812,130813,130814,130912,130913,130914,130915,130916,130917,130918,130919,131013,131014,131015,131016,131017,131018,131019,131020,131115,131116,131117,131118,131119,131120,131121,131122,131123,131216,131217,131218,131219,131220,131221,131222,131223,131224,131225,131318,131324,140508,140510,140512,140608,140609,140610,140611,140612,140613,140708,140709,140710,140711,140712,140713,140714,140809,140810,140811,140812,140813,140814,140912,140913,140914,140915,140916,140917,140918,140919,141013,141014,141015,141016,141017,141018,141019,141020,141115,141116,141117,141118,141119,141120,141121,141122,141123,141216,141217,141218,141219,141220,141221,141222,141223,141224,141225,141318,141319,141320,141321,141322,141323,141324,141325,141326,141327,141328,141419,141420,141421,141422,141423,141424,141425,141426,141427,141428,141429,150809,150810,150811,150812,150813,150814,150912,150913,150914,150915,150916,150917,150918,150919,151013,151014,151015,151016,151017,151018,151019,151020,151115,151116,151117,151118,151119,151120,151121,151122,151123,151216,151217,151218,151219,151220,151221,151222,151223,151224,151225,151318,151319,151320,151321,151322,151323,151324,151325,151326,151327,151328,151419,151420,151421,151422,151423,151424,151425,151426,151427,151428,151429
6,4,50640,50641,50642,50643,50644,50645,50646,50647,50648,50649,50650,50651,50652,50653,50654,50655,50656,50657,50658,50659,50660,50661,50741,50742,50743,50744,50745,50746,50747,50748,50749,50750,50751,50752,50753,50754,50755,50756,50757,50758,50759,50760,50761,50762,50840,50841,50842,50843,50844,50845,50846,50847,50848,50849,50850,50851,50852,50853,50854,50855,50856,50857,50858,50859,50860,60944,60945,60946,60947,60948,60949,60950,60951,60952,60953,60954,61042,61043,61044,61045,61046,61047,61048,61049,61050,61051,61052,61053,61054,61143,61144,61145,61146,61147,61148,61149,61150,61151,61152,61153,61154,61243,61244,61245,61246,61247,61248,61249,61250,61251,61252,61253,61254,71250,71251,71252,71253,71351,71352,71353,71450,71451,71452,71453,71551,71552,71553,71650,71651,71652,71653,71751,71752,71753,110006,110007,110008,110009,110108,110109,110110,110111,110112,110209,110210,110211,110212,110213,110309,110310,110311,110312,110313,110411,110412,110413,110414,110415,110512,110513,110514,110515,110516,110517,110518,110612,110613,110614,110615,110616,110617,110714,110715,110716,110717,110718,110719,110814,110815,110816,110817,110818,110819,110918,110919,110920,110921,110922,110923,110924,110925,110926,120209,120210,120211,120212,120213,120309,120310,120311,120312,120313,120411,120412,120413,120414,120415,120512,120513,120514,120515,120516,120517,120518,120612,120613,120614,120615,120616,120617,120714,120715,120716,120717,120718,120719,120814,120815,120816,120817,120818,120819,120918,120919,120920,120921,120922,120923,120924,120925,120926,121020,121021,121022,121023,121024,121025,121026,121027,121124,121126,121127,121128,121129,121130,130310,130312,130411,130412,130413,130414,130415,130512,130513,130514,130515,130516,130517,130518,130612,130613,130614,130615,130616,130617,130714,130715,130716,130717,130718,130719,130720,130814,130815,130816,130817,130818,130819,130918,130919,130920,130921,130922,130923,130924,130925,130926,131020,131021,131022,131023,131024,131025,131026,131027,131123,131124,131125,131126,131127,131128,131129,131130,131131,131224,131225,131226,131227,131228,131229,131230,131231,131232,131233,131332,140512,140514,140516,140612,140613,140614,140615,140616,140617,140714,140715,140716,140717,140718,140719,140720,140814,140815,140816,140817,140818,140819,140918,140919,140920,140921,140922,140923,140924,140925,140926,141020,141021,141022,141023,141024,141025,141026,141027,141122,141123,141124,141125,141126,141127,141128,141129,141130,141131,141224,141225,141226,141227,141228,141229,141230,141231,141232,141233,141327,141328,141329,141330,141331,141332,141333,141334,141335,141336,141337,141429,141430,141431,141432,141433,141434,141435,141436,141437,141438,141439,150814,150815,150816,150817,150818,150819,150918,150919,150920,150921,150922,150923,150924,150925,150926,151020,151021,151022,151023,151024,151025,151026,151027,151123,151124,151125,151126,151127,151128,151129,151130,151131,151224,151225,151226,151227,151228,151229,151230,151231,151232,151233,151327,151328,151329,151330,151331,151332,151333,151334,151335,151336,151337,151429,151430,151431,151432,151433,151434,151435,151436,151437,151438,151439
6,5,50840,50841,50842,50843,50844,50845,50846,50847,50848,50849,50850,50851,50852,50853,50854,50855,50856,50857,50858,50859,50860,50941,50942,50943,50944,50945,50946,50947,50948,50949,50950,50951,50952,50953,50954,50955,50956,50957,50958,50959,50960,50961,50962,51040,51041,51042,51043,51044,51045,51046,51047,51048,51049,51050,51051,51052,51053,51054,51055,51056,51057,51058,51059,51060,61242,61243,61244,61245,61246,61247,61248,61249,61250,61251,61252,61253,61254,61343,61344,61345,61346,61347,61348,61349,61350,61351,61352,61353,61354,61442,61443,61444,61445,61446,61447,61448,61449,61450,61451,61452,61453,61454,61543,61544,61545,61546,61547,61548,61549,61550,61551,61552,61553,61554,71751,71752,71753,71850,71851,71852,71853,71951,71952,71953,72050,72051,72052,72053,72151,72152,72153,72251,72252,72253,110009,110010,110011,110012,110110,110111,110112,110113,110114,110212,110213,110214,110215,110216,110217,110313,110314,110315,110316,110317,110415,110416,110417,110418,110419,110516,110517,110518,110519,110520,110521,110522,110617,110618,110619,110620,110621,110622,110719,110720,110721,110722,110723,110724,110819,110820,110821,110822,110823,110824,110924,110925,110926,110927,110928,110929,110930,110931,110932,111029,120213,120214,120215,120216,120217,120313,120314,120315,120316,120317,120415,120416,120417,120418,120419,120516,120517,120518,120519,120520,120521,120522,120617,120618,120619,120620,120621,120622,120719,120720,120721,120722,120723,120724,120819,120820,120821,120822,120823,120824,120924,120925,120926,120927,120928,120929,120930,120931,120932,121027,121028,121029,121030,121031,121032,121033,121034,121131,121132,121133,121134,121135,121136,121137,121138,130314,130316,130415,130416,130417,130418,130419,130516,130517,130518,130519,130520,130521,130522,130617,130618,130619,130620,130621,130622,130719,130720,130721,130722,130723,130724,130819,130820,130821,130822,130823,130824,130924,130925,130926,130927,130928,130929,130930,130931,130932,131027,131028,131029,131030,131031,131032,131033,131034,131131,131132,131133,131134,131135,131136,131137,131138,131139,131233,131234,131235,131236,131237,131238,131239,131240,131241,131242,131339,131340,131342,140518,140520,140617,140618,140619,140620,140621,140622,140719,140720,140721,140722,140723,140724,140819,140820,140821,140822,140823,140824,140924,140925,140926,140927,140928,140929,140930,140931,140932,141027,141028,141029,141030,141031,141032,141033,141034,141131,141132,141133,141134,141135,141136,141137,141138,141139,141233,141234,141235,141236,141237,141238,141239,141240,141241,141242,141337,141338,141339,141340,141341,141342,141343,141344,141345,141346,141347,141439,141440,141441,141442,141443,141444,141445,141446,141447,141448,141449,150819,150820,150821,150822,150823,150824,150924,150925,150926,150927,150928,150929,150930,150931,150932,151027,151028,151029,151030,151031,151032,151033,151034,151131,151132,151133,151134,151135,151136,151137,151138,151139,151233,151234,151235,151236,151237,151238,151239,151240,151241,151242,151337,151338,151339,151340,151341,151342,151343,151344,151345,151346,151347,151439,151440,151441,151442,151443,151444,151445,151446,151447,151448,151449
6,6,51040,51041,51042,51043,51044,51045,51046,51047,51048,51049,51050,51051,51052,51053,51054,51055,51056,51057,51058,51059,51060,51141,51142,51143,51144,51145,51146,51147,51148,51149,51150,51151,51152,51153,51154,51155,51156,51157,51158,51159,51160,51161,51162,51240,51241,51242,51243,51244,51245,51246,51247,51248,51249,51250,51251,51252,51253,51254,51255,51256,51257,51258,51259,51260,51261,61543,61544,61545,61546,61547,61548,61549,61550,61551,61552,61553,61554,61642,61643,61644,61645,61646,61647,61648,61649,61650,61651,61652,61653,61654,61743,61744,61745,61746,61747,61748,61749,61750,61751,61752,61753,61754,61843,61844,61845,61846,61847,61848,61849,61850,61851,61852,61853,61854,72151,72152,72153,72250,72251,72252,72253,72351,72352,72353,72450,72451,72452,72453,72551,72552,72553,72650,72651,72652,72653,110011,110012,110013,110014,110114,110115,110116,110117,110118,110216,110217,110218,110219,110220,110221,110316,110317,110318,110319,110320,110419,110420,110421,110422,110423,110521,110522,110523,110524,110525,110526,110621,110622,110623,110624,110625,110626,110724,110725,110726,110727,110728,110729,110824,110825,110826,110827,110828,110829,110931,110932,110933,110934,110935,110936,110937,110938,120216,120217,120218,120219,120220,120221,120316,120317,120318,120319,120320,120419,120420,120421,120422,120423,120521,120522,120523,120524,120525,120526,120621,120622,120623,120624,120625,120626,120627,120724,120725,120726,120727,120728,120729,120824,120825,120826,120827,120828,120829,120931,120932,120933,120934,120935,120936,120937,120938,121034,121035,121036,121037,121038,121039,121040,121041,121142,121143,121144,121145,121146,130318,130419,130420,130421,130422,130423,130521,130522,130523,130524,130525,130526,130621,130622,130623,130624,130625,130626,130627,130724,130725,130726,130727,130728,130729,130730,130824,130825,130826,130827,130828,130829,130931,130932,130933,130934,130935,130936,130937,130938,131034,131035,131036,131037,131038,131039,131040,131041,131139,131140,131141,131142,131143,131144,131145,131146,131147,131241,131242,131243,131244,131245,131246,131247,131248,131249,131250,131352,131354,140522,140524,140526,140621,140622,140623,140624,140625,140626,140724,140725,140726,140727,140728,140729,140730,140824,140825,140826,140827,140828,140829,140931,140932,140933,140934,140935,140936,140937,140938,141034,141035,141036,141037,141038,141039,141040,141041,141139,141140,141141,141142,141143,141144,141145,141146,141147,141241,141242,141243,141244,141245,141246,141247,141248,141249,141250,141346,141347,141348,141349,141350,141351,141352,141353,141354,141355,141356,141449,141450,141451,141452,141453,141454,141455,141456,141457,141458,141459,150824,150825,150826,150827,150828,150829,150931,150932,150933,150934,150935,150936,150937,150938,151034,151035,151036,151037,151038,151039,151040,151041,151139,151140,151141,151142,151143,151144,151145,151146,151147,151241,151242,151243,151244,151245,151246,151247,151248,151249,151250,151346,151347,151348,151349,151350,151351,151352,151353,151354,151355,151356,151449,151450,151451,151452,151453,151454,151455,151456,151457,151458,151459,151460
6,7,51240,51241,51242,51243,51244,51245,51246,51247,51248,51249,51250,51251,51252,51253,51254,51255,51256,51257,51258,51259,51260,51341,51342,51343,51344,51345,51346,51347,51348,51349,51350,51351,51352,51353,51354,51355,51356,51357,51358,51359,51360,51361,51362,51440,51441,51442,51443,51444,51445,51446,51447,51448,51449,51450,51451,51452,51453,51454,51455,51456,51457,51458,51459,51460,51461,61842,61843,61844,61845,61846,61847,61848,61849,61850,61851,61852,61853,61854,61944,61945,61946,61947,61948,61949,61950,61951,61952,61953,61954,62042,62043,62044,62045,62046,62047,62048,62049,62050,62051,62052,62053,62054,62143,62144,62145,62146,62147,62148,62149,62150,62151,62152,62153,62154,72551,72552,72553,72650,72651,72652,72653,72751,72752,72753,72850,72851,72852,72853,72951,72952,72953,73050,73051,73052,73053,110014,110015,110016,110017,110116,110117,110118,110119,110120,110219,110220,110221,110222,110223,110224,110320,110321,110322,110323,110324,110423,110424,110425,110426,110427,110526,110527,110528,110529,110530,110531,110625,110626,110627,110628,110629,110630,110631,110728,110729,110730,110731,110732,110733,110734,110829,110830,110831,110832,110833,110834,110938,110939,110940,110941,110942,110943,110944,110945,120219,120220,120221,120222,120223,120224,120320,120321,120322,120323,120324,120423,120424,120425,120426,120427,120526,120527,120528,120529,120530,120531,120625,120626,120627,120628,120629,120630,120631,120728,120729,120730,120731,120732,120733,120734,120829,120830,120831,120832,120833,120834,120938,120939,120940,120941,120942,120943,120944,120945,121041,121042,121043,121044,121045,121046,121047,121048,121049,121148,121150,121152,121154,130322,130423,130424,130425,130426,130427,130526,130527,130528,130529,130530,130531,130625,130626,130627,130628,130629,130630,130631,130728,130729,130730,130731,130732,130733,130734,130829,130830,130831,130832,130833,130834,130938,130939,130940,130941,130942,130943,130944,130945,131041,131042,131043,131044,131045,131046,131047,131048,131147,131148,131149,131150,131151,131152,131153,131154,131155,131250,131251,131252,131253,131254,131255,131256,131257,131258,131259,140526,140528,140530,140626,140627,140628,140629,140630,140631,140728,140729,140730,140731,140732,140733,140734,140829,140830,140831,140832,140833,140834,140938,140939,140940,140941,140942,140943,140944,140945,141041,141042,141043,141044,141045,141046,141047,141048,141147,141148,141149,141150,141151,141152,141153,141154,141155,141250,141251,141252,141253,141254,141255,141256,141257,141258,141259,141356,141357,141358,141359,141360,141361,141362,141363,141364,141365,141366,141459,141460,141461,141462,141463,141464,141465,141466,141467,141468,141469,150829,150830,150831,150832,150833,150834,150938,150939,150940,150941,150942,150943,150944,150945,151041,151042,151043,151044,151045,151046,151047,151048,151049,151147,151148,151149,151150,151151,151152,151153,151154,151155,151250,151251,151252,151253,151254,151255,151256,151257,151258,151259,151356,151357,151358,151359,151360,151361,151362,151363,151364,151365,151366,151459,151460,151461,151462,151463,151464,151465,151466,151467,151468,151469
6,8,50040,50041,50042,50043,50044,50045,50046,50047,50048,50049,50050,50051,50052,50053,50054,50055,50056,50057,50058,50059,50060,50061,51440,51441,51442,51443,51444,51445,51446,51447,51448,51449,51450,51451,51452,51453,51454,51455,51456,51457,51458,51459,51460,51461,51541,51542,51543,51544,51545,51546,51547,51548,51549,51550,51551,51552,51553,51554,51555,51556,51557,51558,51559,51560,51561,51562,60042,60043,60044,60045,60046,60047,60048,60049,60050,60051,60052,60053,60054,62144,62145,62146,62147,62148,62149,62150,62151,62152,62153,62154,62242,62243,62244,62245,62246,62247,62248,62249,62250,62251,62252,62253,62254,62343,62344,62345,62346,62347,62348,62349,62350,62351,62352,62353,62354,70050,70051,70052,70053,72951,72952,72953,73050,73051,73052,73053,73151,73152,73153,73250,73251,73252,73253,73351,73352,73353,110016,110017,110018,110019,110100,110120,110121,110122,110123,110223,110224,110225,110226,110227,110323,110324,110325,110326,110327,110427,110428,110429,110430,110431,110500,110530,110531,110532,110533,110534,110535,110630,110631,110632,110633,110634,110635,110734,110735,110736,110737,110738,110739,110834,110835,110836,110837,110838,110839,110900,110944,110945,110946,110947,110948,110949,110950,110951,120223,120224,120225,120226,120227,120323,120324,120325,120326,120327,120427,120428,120429,120430,120431,120500,120530,120531,120532,120533,120534,120535,120630,120631,120632,120633,120634,120635,120700,120734,120735,120736,120737,120738,120739,120834,120835,120836,120837,120838,120839,120900,120944,120945,120946,120947,120948,120949,120950,120951,121048,121049,121050,121051,121052,121053,121054,121055,121158,121160,121161,121162,130324,130326,130427,130428,130429,130430,130431,130500,130530,130531,130532,130533,130534,130535,130630,130631,130632,130633,130634,130635,130734,130735,130736,130737,130738,130739,130834,130835,130836,130837,130838,130839,130900,130944,130945,130946,130947,130948,130949,130950,130951,131048,131049,131050,131051,131052,131053,131054,131055,131155,131156,131157,131158,131159,131160,131161,131162,131163,131258,131259,131260,131261,131262,131263,131264,131265,131266,131267,140530,140532,140534,140630,140631,140632,140633,140634,140635,140700,140734,140735,140736,140737,140738,140739,140834,140835,140836,140837,140838,140839,140900,140944,140945,140946,140947,140948,140949,140950,140951,141048,141049,141050,141051,141052,141053,141054,141055,141155,141156,141157,141158,141159,141160,141161,141162,141163,141258,141259,141260,141261,141262,141263,141264,141265,141266,141267,141365,141366,141367,141368,141369,141370,141371,141372,141373,141374,141375,141469,141470,141471,141472,141473,141474,141475,141476,141477,141478,141479,150834,150835,150836,150837,150838,150839,150900,150944,150945,150946,150947,150948,150949,150950,150951,151048,151049,151050,151051,151052,151053,151054,151055,151155,151156,151157,151158,151159,151160,151161,151162,151163,151258,151259,151260,151261,151262,151263,151264,151265,151266,151267,151365,151366,151367,151368,151369,151370,151371,151372,151373,151374,151375,151400,151469,151470,151471,151472,151473,151474,151475,151476,151477,151478,151479